-0.515309,-1.841685,-0.658035,0.538998,-1.858371,-0.594694,-0.601548,-0.738052,-0.112962,0.598526,-0.740699,-0.097525,-0.594305,-1.410395,-0.473148,0.610584,-1.400339,-0.407333,-0.645122,-1.712857,-0.559249,0.487018,-1.5511,-0.678807
-0.516371,-1.840496,-0.657112,0.538754,-1.857376,-0.596341,-0.601437,-0.737801,-0.112661,0.598804,-0.740097,-0.097397,-0.593909,-1.408397,-0.472411,0.610804,-1.39972,-0.406955,-0.645117,-1.594062,-0.497239,0.487212,-1.550239,-0.677893
-0.51539,-1.843188,-0.660255,0.540574,-1.859598,-0.598192,-0.601472,-0.739305,-0.11221,0.601223,-0.740328,-0.096661,-0.594533,-1.407816,-0.470861,0.6133,-1.401708,-0.406867,-0.644691,-1.608999,-0.508527,0.489611,-1.55007,-0.677429
-0.515768,-1.843355,-0.660149,0.539735,-1.858565,-0.596777,-0.601345,-0.741086,-0.113399,0.599931,-0.740959,-0.09766,-0.595105,-1.405961,-0.469269,0.612006,-1.402041,-0.407361,-0.643212,-1.617757,-0.517195,0.487766,-1.554315,-0.677931
-0.514437,-1.846897,-0.655068,0.540036,-1.8598,-0.595541,-0.601408,-0.740897,-0.113074,0.600362,-0.740232,-0.097467,-0.593652,-1.419224,-0.475792,0.612393,-1.401457,-0.407495,-0.648064,-1.760527,-0.567881,0.488553,-1.549277,-0.677025
-0.515712,-1.842808,-0.659872,0.546333,-1.862484,-0.591859,-0.60121,-0.740331,-0.112401,0.600805,-0.739627,-0.096904,-0.593999,-1.414837,-0.473661,0.613056,-1.401084,-0.406939,-0.651193,-1.760786,-0.562515,0.4886,-1.553765,-0.678538
-0.542781,-1.841071,-0.66319,0.566803,-1.862671,-0.587544,-0.602598,-0.745432,-0.11495,0.601585,-0.742029,-0.097266,-0.601165,-1.410293,-0.464659,0.618938,-1.401783,-0.403241,-0.667284,-1.604631,-0.5659,0.492823,-1.55031,-0.672366
-0.721568,-1.799618,-0.689728,0.648247,-1.892998,-0.58137,-0.613028,-0.755945,-0.122019,0.602725,-0.747831,-0.100678,-0.707478,-1.36033,-0.428256,0.660211,-1.460093,-0.405487,-0.551807,-1.529006,-0.478049,0.507996,-1.663688,-0.646445
-0.867395,-1.789,-0.762146,0.839779,-1.85169,-0.662517,-0.66344,-0.753301,-0.13059,0.624149,-0.752184,-0.11013,-0.855112,-1.41233,-0.529875,0.799038,-1.459078,-0.439825,-0.859335,-1.755584,-0.598436,0.754629,-1.6314,-0.552712
-1.066686,-1.630073,-0.907772,1.105057,-1.726656,-0.805165,-0.748097,-0.706708,-0.127784,0.698662,-0.730795,-0.126552,-1.032495,-1.302134,-0.611049,0.99046,-1.407696,-0.527762,-1.047521,-1.639837,-0.715349,0.955024,-1.563064,-0.681442
-1.321735,-1.192488,-1.216075,1.506283,-1.329492,-1.012574,-0.815863,-0.582497,-0.129617,0.790942,-0.622643,-0.160436,-1.128754,-0.963371,-0.622124,1.230631,-1.076116,-0.629356,-1.290067,-1.234311,-1.016604,1.257734,-1.278169,-0.945844
-1.356576,-0.523972,-1.382281,1.678695,-0.828233,-1.274216,-0.912171,-0.561399,-0.279525,0.877566,-0.528616,-0.221845,-1.243831,-0.639387,-0.826638,1.425871,-0.748433,-0.845804,-1.298555,-0.640895,-1.211059,1.427637,-0.868457,-1.084395
-1.160422,-0.117991,-1.383929,1.667925,-0.430565,-1.377107,-0.909233,-0.53035,-0.261058,0.895422,-0.481701,-0.24886,-1.150494,-0.334532,-0.838572,1.400832,-0.498732,-0.945795,-1.138513,-0.247136,-1.258927,1.458347,-0.569922,-1.199006
-0.751861,0.276034,-1.372733,1.440756,-0.064494,-1.492146,-0.87688,-0.403106,-0.296431,0.912289,-0.399097,-0.353221,-0.92735,-0.125747,-0.871261,1.264219,-0.249411,-1.03322,-0.793872,0.079585,-1.298644,1.295984,-0.270697,-1.307037
-0.322516,0.53778,-1.182345,1.086722,0.166228,-1.5636,-0.829982,-0.314875,-0.43816,0.91774,-0.378647,-0.489625,-0.573223,0.209857,-0.997772,1.047452,-0.074013,-1.112786,-0.386237,0.381977,-1.173489,1.047511,-0.013775,-1.476329
0.200868,0.712447,-0.816713,0.421916,0.561752,-1.670253,-0.682539,-0.11217,-0.718518,0.812432,-0.259352,-0.597553,-0.03137,0.539592,-0.80879,0.618215,0.235108,-1.309635,0.046637,0.493764,-0.899873,0.426534,0.353534,-1.674928
0.49084,0.528542,-0.435013,-0.266204,0.659276,-1.118902,-0.345486,-0.047824,-0.608337,0.652662,-0.11748,-0.711177,0.137734,0.42927,-0.562959,0.062838,0.333727,-1.012105,0.488244,0.426407,-0.493819,-0.144083,0.427686,-1.156639
0.493866,0.143379,-0.229267,-0.561373,0.230069,-0.683086,-0.307502,-0.420184,-0.518162,0.465389,-0.362449,-0.630958,0.164479,0.041355,-0.479941,-0.268601,0.080157,-0.726805,0.508193,0.047627,-0.291362,-0.428789,0.048844,-0.713675
0.430409,0.086452,-0.105864,-0.630402,0.038008,-0.358468,-0.284886,-0.55167,-0.512476,0.436115,-0.37541,-0.554148,0.19443,-0.006842,-0.414139,-0.194525,-0.122547,-0.577994,0.495754,0.013974,-0.155456,-0.370008,-0.297907,-0.330006
0.419755,0.094317,0.00707,-0.789252,0.028521,0.153132,-0.283447,-0.653939,-0.508883,0.418865,-0.404549,-0.508163,0.192389,-0.006333,-0.367024,-0.398075,-0.079553,-0.176582,0.45363,0.038778,-0.060599,-0.655957,-0.166853,0.108525
0.440854,0.099151,-0.038219,-0.486309,-0.142271,-0.244163,-0.308006,-0.61516,-0.516967,0.405215,-0.40893,-0.576402,0.195634,-0.003424,-0.399832,-0.271928,-0.209877,-0.468504,0.48557,0.017989,-0.114785,-0.331474,-0.483853,-0.525126
0.460405,0.077559,-0.053935,-0.487643,-0.145856,-0.194794,-0.314608,-0.634312,-0.491842,0.40637,-0.407455,-0.583295,0.191349,-0.021497,-0.380638,-0.256342,-0.16424,-0.476923,0.55785,-0.059621,-0.212589,-0.492228,-0.142849,-0.279492
0.46982,0.073101,-0.06928,-0.5528,-0.089626,-0.187914,-0.316903,-0.632282,-0.492989,0.407905,-0.406584,-0.593916,0.192819,-0.021693,-0.384286,-0.244833,-0.175399,-0.426043,0.558492,-0.053531,-0.215239,-0.404725,-0.438301,-0.469404
0.427136,0.112803,-0.047871,-0.782153,0.100921,-0.035676,-0.34382,-0.636933,-0.503771,0.413737,-0.397354,-0.591139,0.161171,0.002771,-0.371161,-0.276767,-0.102913,-0.369354,0.511441,-0.016321,-0.149356,-0.485692,-0.057446,-0.397883
0.589409,-0.266255,-0.656654,-0.764197,0.131466,-0.274938,-0.512908,-0.672691,-0.482839,0.451904,-0.376839,-0.598118,0.071008,-0.135921,-0.633989,-0.251862,-0.098134,-0.365758,0.201318,-0.159136,-0.733336,-0.440308,-0.063032,-0.599055
0.594463,-0.186111,-0.714073,-0.506686,-0.189817,-0.273759,-0.629289,-0.594322,-0.49301,0.577038,-0.317598,-0.646613,0.044869,-0.10504,-0.73894,-0.121118,-0.059582,-0.423325,0.295755,-0.116081,-0.835832,-0.334925,-0.095905,-0.771653
0.353019,0.112896,-0.925921,-0.335964,0.354589,-1.203388,-0.908025,-0.252302,-0.48223,0.732642,-0.026276,-0.70568,-0.142038,0.119079,-0.696291,-0.024007,0.259231,-1.13488,0.079141,0.15645,-1.113488,-0.143606,0.203133,-1.235665
-0.067568,0.136404,-1.023279,0.1003,0.355466,-1.464806,-1.080477,-0.206238,-0.228444,0.851947,0.005766,-0.598085,-0.430663,0.028413,-0.777447,0.367076,0.235252,-1.289758,-0.231657,0.202964,-1.03221,0.196597,0.252732,-1.481533
-0.451357,0.081927,-1.404159,0.625592,0.306301,-1.592797,-1.091764,-0.154297,-0.142466,1.026909,0.003536,-0.404337,-0.761262,-0.009061,-0.925823,0.914344,0.149918,-1.023436,-0.455407,0.11017,-1.39048,0.805464,0.16122,-1.454402
-0.981676,0.052927,-1.502798,1.123205,0.270403,-1.593473,-1.056644,-0.122624,-0.194261,1.084048,-0.001095,-0.403348,-1.146786,-0.010612,-0.798868,1.177539,0.18655,-1.049746,-0.936774,0.088765,-1.308528,1.180509,0.125239,-1.372308
-1.409526,-0.026706,-1.516659,1.62385,0.307276,-1.290204,-1.041264,-0.049006,-0.261937,1.118076,0.000234,-0.291486,-1.317314,0.038392,-0.91093,1.484006,0.172226,-0.84512,-1.305156,0.130368,-1.331926,1.605622,0.142823,-1.176996
-1.694729,0.130362,-1.364534,1.938418,0.25275,-0.908759,-1.037723,0.000654,-0.332818,1.145185,0.001732,-0.203589,-1.412132,0.076366,-0.88845,1.598265,0.133464,-0.527969,-1.478158,0.156793,-1.24562,1.819587,0.092643,-0.74486
-1.890019,0.262009,-1.20134,1.987785,0.195909,-0.371965,-1.041935,0.043176,-0.338402,1.051339,0.017933,0.005666,-1.575788,0.187162,-0.877549,1.579815,0.092268,-0.187569,-1.724946,0.134173,-1.120772,1.941194,0.034177,-0.348209
-2.037231,0.404163,-1.063245,2.164517,0.148743,-0.009584,-1.017546,0.102973,-0.311098,1.061595,0.041538,0.085299,-1.609729,0.276521,-0.773328,1.711588,0.104663,0.041584,-1.883078,0.25455,-0.997229,2.054664,0.028449,-0.005493
-2.102815,0.514936,-0.970363,2.126186,0.188771,0.269577,-1.011244,0.139459,-0.285557,1.076625,0.050662,0.190687,-1.615942,0.333533,-0.714176,1.66652,0.111809,0.241233,-2.006301,0.390057,-0.899476,1.987971,0.062567,0.2596
-2.138537,0.565302,-0.919583,2.151081,0.201202,0.4801,-1.005515,0.166023,-0.278893,1.089075,0.054891,0.262801,-1.6223,0.375872,-0.676006,1.66961,0.129906,0.385637,-2.099601,0.449496,-0.753826,1.923517,0.083687,0.461974
-2.159945,0.598055,-0.877865,2.173996,0.235724,0.634095,-1.002334,0.175813,-0.273032,1.083733,0.055764,0.317584,-1.59477,0.393074,-0.637535,1.694869,0.142972,0.495669,-1.969041,0.410661,-0.783562,1.903442,0.099853,0.598937
-2.157468,0.573713,-0.883537,2.159301,0.235716,0.706778,-1.001557,0.177472,-0.272118,0.9942,0.047765,0.333586,-1.637344,0.39303,-0.625498,1.683982,0.141728,0.545609,-2.146419,0.524946,-0.832256,1.919016,0.096965,0.658464
-2.192039,0.546827,-0.84258,2.150996,0.203813,0.703831,-1.000131,0.174876,-0.274384,0.983909,0.044129,0.331197,-1.604863,0.372029,-0.627162,1.668076,0.130809,0.556193,-2.075861,0.41019,-0.7055,1.920214,0.069464,0.662203
-2.172115,0.504868,-0.872555,2.131447,0.111547,0.637824,-1.00194,0.165099,-0.280185,0.977779,0.033942,0.328694,-1.593823,0.334025,-0.640566,1.669191,0.09462,0.542312,-2.057498,0.376816,-0.785028,1.870172,0.00754,0.605676
-2.173107,0.371609,-0.933997,2.151034,-0.023835,0.556899,-1.018802,0.11638,-0.277417,1.059159,-0.02274,0.326771,-1.616703,0.220729,-0.704516,1.662654,-0.005367,0.458605,-2.071354,0.257771,-0.728492,1.836328,-0.085244,0.526152
-2.082369,0.143761,-1.041403,2.129929,-0.214349,0.413441,-1.045032,0.042046,-0.32861,1.095583,-0.095588,0.300377,-1.657709,0.078895,-0.79528,1.651976,-0.146413,0.362129,-2.001105,0.045258,-0.928397,1.815673,-0.241571,0.409176
-2.001739,-0.205149,-1.1524,2.126686,-0.480914,0.288662,-1.065271,-0.069564,-0.370859,1.099827,-0.218795,0.256033,-1.654288,-0.158903,-0.885837,1.646052,-0.340062,0.249265,-1.97612,-0.253086,-0.998735,1.81585,-0.458532,0.290927
-1.83679,-0.602968,-1.118888,2.013234,-0.813366,0.122921,-1.056764,-0.235242,-0.437564,0.936199,-0.340069,0.182069,-1.482779,-0.429371,-0.793695,1.568137,-0.598973,0.150193,-1.759608,-0.611566,-0.989713,1.729069,-0.7439,0.147016
-1.729691,-1.083058,-1.119718,2.01212,-1.20796,-0.029246,-1.080866,-0.404115,-0.422249,0.941099,-0.463034,0.153562,-1.442212,-0.760985,-0.783629,1.600781,-0.936351,0.06342,-1.701264,-1.065755,-1.048972,1.734715,-1.126708,0.067447
-1.499755,-1.40746,-0.999105,1.735859,-1.567837,-0.16238,-0.942688,-0.515774,-0.263726,0.87349,-0.588609,0.093912,-1.292367,-1.008168,-0.659675,1.353262,-1.163907,-0.043795,-1.479786,-1.421778,-0.899239,1.463154,-1.384806,-0.026653
-1.285012,-1.71454,-0.795843,1.42919,-1.871383,-0.311065,-0.901671,-0.627018,-0.206601,0.810966,-0.70739,0.05501,-1.156518,-1.254511,-0.530205,1.170326,-1.43048,-0.137809,-1.267299,-1.627758,-0.663504,1.245283,-1.701967,-0.1124
-0.997374,-1.806848,-0.599682,1.050045,-1.985845,-0.412045,-0.77976,-0.69863,-0.158812,0.695729,-0.78439,-0.006834,-0.943461,-1.324932,-0.406612,0.907294,-1.557735,-0.230833,-1.025595,-1.566155,-0.473259,0.939972,-1.845439,-0.213805
-0.77348,-1.964195,-0.483066,0.776939,-1.999214,-0.480593,-0.701259,-0.7869,-0.115009,0.647795,-0.844471,-0.0393,-0.81478,-1.481514,-0.341305,0.72759,-1.52705,-0.283387,-0.83942,-1.584127,-0.375342,0.69004,-1.829621,-0.298655
-0.579302,-1.982108,-0.440239,0.578066,-1.984036,-0.519965,-0.643886,-0.782156,-0.106768,0.614858,-0.765163,-0.055387,-0.666142,-1.500443,-0.308543,0.651751,-1.522951,-0.324006,-0.704955,-1.654853,-0.347678,0.63708,-1.816531,-0.479424
-0.548602,-1.950118,-0.443898,0.514852,-1.888715,-0.537523,-0.607348,-0.757749,-0.098987,0.596869,-0.748991,-0.071837,-0.637103,-1.471566,-0.307296,0.612701,-1.451973,-0.333485,-0.648796,-1.745474,-0.361373,0.615466,-1.667921,-0.463269
