-0.551478,-1.834909,-0.609478,0.464027,-1.904461,-0.5224,-0.681997,-0.760132,-0.139746,0.605454,-0.823858,-0.017079,-0.662411,-1.416435,-0.460815,0.584742,-1.476831,-0.339875,-0.697222,-1.692303,-0.514527,0.5527,-1.758168,-0.41701
-0.550623,-1.835267,-0.611211,0.463993,-1.904522,-0.525027,-0.681929,-0.760327,-0.139615,0.605972,-0.82473,-0.016955,-0.667108,-1.388211,-0.44693,0.585218,-1.477425,-0.339948,-0.693975,-1.700192,-0.521474,0.536605,-1.782829,-0.404775
-0.552925,-1.831667,-0.60931,0.461155,-1.897678,-0.526417,-0.681435,-0.758511,-0.14091,0.603704,-0.82281,-0.018244,-0.660737,-1.412349,-0.459677,0.582952,-1.474114,-0.340752,-0.694754,-1.682842,-0.515882,0.532118,-1.789467,-0.395427
-0.551702,-1.828485,-0.612411,0.45982,-1.896505,-0.529377,-0.681158,-0.757765,-0.141496,0.602981,-0.822113,-0.018877,-0.661851,-1.406445,-0.457728,0.582087,-1.472909,-0.341224,-0.694527,-1.679519,-0.516914,0.535732,-1.77404,-0.405518
-0.550739,-1.833718,-0.606419,0.463636,-1.902867,-0.517944,-0.681156,-0.75862,-0.141178,0.603782,-0.823243,-0.018293,-0.669205,-1.37708,-0.442173,0.582793,-1.474764,-0.340938,-0.693724,-1.685901,-0.518065,0.536218,-1.777554,-0.404033
-0.550492,-1.834014,-0.612842,0.462444,-1.901727,-0.526677,-0.681617,-0.760077,-0.140422,0.605325,-0.825104,-0.017299,-0.670919,-1.379364,-0.442293,0.584338,-1.477549,-0.340438,-0.696543,-1.695702,-0.521017,0.556453,-1.751128,-0.430602
-0.553188,-1.838629,-0.609225,0.466504,-1.901753,-0.523037,-0.681735,-0.760869,-0.139996,0.606381,-0.826024,-0.016755,-0.66737,-1.387409,-0.447028,0.585504,-1.478835,-0.33988,-0.695936,-1.691708,-0.514441,0.547758,-1.770442,-0.417155
-0.546919,-1.835788,-0.62264,0.471282,-1.900352,-0.529757,-0.682037,-0.761177,-0.141003,0.606303,-0.826484,-0.016638,-0.663537,-1.419943,-0.466804,0.585246,-1.478646,-0.340444,-0.708968,-1.677306,-0.499949,0.534592,-1.788563,-0.407479
-0.694387,-1.700962,-0.689057,0.597786,-1.888504,-0.518881,-0.707522,-0.744537,-0.143648,0.614121,-0.836976,-0.006611,-0.779438,-1.33151,-0.511278,0.632247,-1.448947,-0.332086,-0.803644,-1.320739,-0.636838,0.712983,-1.633859,-0.540717
-0.960976,-1.523444,-0.836343,0.956669,-1.742019,-0.580469,-0.783021,-0.654971,-0.151477,0.665664,-0.807606,0.048786,-0.962695,-1.182155,-0.575884,0.912093,-1.36854,-0.330614,-1.087894,-1.295115,-0.478036,0.947866,-1.438402,-0.59602
-1.342055,-1.294659,-0.976031,1.437539,-1.4594,-0.587013,-0.890846,-0.525274,-0.205007,0.79778,-0.720432,0.101501,-1.204986,-0.965552,-0.646482,1.233551,-1.151407,-0.261294,-1.320517,-1.341484,-0.832738,1.443163,-1.256955,-0.495336
-1.713598,-0.933765,-1.141306,1.906204,-1.094432,-0.391017,-1.006865,-0.413111,-0.232221,0.874878,-0.611908,0.127298,-1.437601,-0.68235,-0.70588,1.539905,-0.903371,-0.152342,-1.70771,-0.944677,-0.883502,1.700392,-0.870127,-0.389185
-2.022354,-0.511883,-1.108077,2.196212,-0.769366,-0.130177,-1.100378,-0.30264,-0.314369,1.109912,-0.476962,0.163463,-1.690925,-0.433746,-0.753781,1.787004,-0.65101,0.002949,-2.029615,-0.573542,-0.804019,1.996457,-0.547259,-0.157037
-2.235098,-0.128934,-0.969113,2.304436,-0.479388,0.112861,-1.203956,-0.192541,-0.34811,1.179898,-0.346863,0.234932,-1.859748,-0.173421,-0.7162,1.824318,-0.439152,0.17785,-2.152301,-0.24627,-0.748505,2.107563,-0.293148,0.052066
-2.349613,0.187501,-0.82626,2.295897,-0.238452,0.418664,-1.286638,-0.042235,-0.375561,1.163823,-0.227198,0.281506,-1.88914,0.020552,-0.623392,1.79012,-0.280644,0.339383,-2.173925,0.020972,-0.560742,2.033022,-0.102688,0.305392
-2.367361,0.220355,-0.769516,2.323932,-0.220836,0.578398,-1.224493,0.060701,-0.252841,1.172179,-0.189928,0.301758,-1.850158,0.08876,-0.538809,1.782701,-0.230806,0.422012,-2.137957,0.376938,-0.594191,2.04363,-0.052524,0.45324
-2.297638,0.256118,-0.699328,2.324755,-0.215263,0.646216,-1.225619,0.078187,-0.251127,1.180599,-0.16134,0.32448,-1.853592,0.133331,-0.506647,1.781922,-0.198757,0.482346,-2.05843,0.391726,-0.457231,2.024319,-0.039908,0.520005
-2.287366,0.26098,-0.69333,2.297114,-0.219316,0.638501,-1.223152,0.08327,-0.248684,1.178314,-0.156841,0.329559,-1.848539,0.139702,-0.498606,1.777952,-0.198981,0.488718,-2.036365,0.385708,-0.437229,2.037762,-0.041401,0.517002
-2.290091,0.314355,-0.699867,2.283903,-0.219751,0.538609,-1.220151,0.087322,-0.253636,1.179185,-0.157044,0.327165,-1.843277,0.142405,-0.507952,1.785046,-0.206766,0.463691,-2.029785,0.386698,-0.440662,2.05046,-0.057743,0.428934
-2.174442,0.257182,-1.016404,2.313996,-0.137475,0.15929,-1.185871,0.078337,-0.313389,1.192105,-0.169623,0.255668,-1.825975,0.161231,-0.782159,1.823647,-0.181376,0.195191,-2.028552,0.102594,-0.968702,2.083841,0.022682,0.126789
-1.680426,0.271243,-1.430651,2.171831,0.154531,-0.400185,-1.143601,0.004428,-0.44362,1.139782,-0.190025,0.101739,-1.471516,0.128563,-1.084321,1.721203,-0.073751,-0.176972,-1.736812,0.219669,-1.25252,1.897422,0.210657,-0.301197
-1.189539,0.262799,-1.698699,1.842491,0.333384,-0.848791,-1.058161,-0.02002,-0.522216,1.121372,-0.210329,-0.04055,-1.177824,0.076915,-1.199874,1.587777,0.095335,-0.523565,-1.270697,0.293705,-1.545622,1.67225,0.390582,-0.586566
-0.34582,0.225549,-1.835961,1.068814,0.420268,-1.162571,-0.933777,-0.09709,-0.658675,1.054439,-0.274706,-0.266076,-0.662427,0.105296,-1.426677,1.10478,0.202982,-0.78281,-0.513367,0.348423,-1.596641,1.030941,0.452056,-0.859179
0.165836,0.23897,-1.707598,0.561857,0.610041,-1.239247,-0.710776,-0.046695,-0.87101,0.984349,-0.272429,-0.436102,-0.166967,0.165005,-1.534676,0.793228,0.293107,-0.903032,-0.046406,0.321394,-1.630067,0.702686,0.467372,-0.841378
0.497653,0.372672,-1.451181,-0.050981,0.863098,-1.072282,-0.465009,0.079955,-1.024719,0.815036,-0.019829,-0.617503,0.184131,0.313399,-1.444122,0.362256,0.530846,-0.994364,0.189766,0.509453,-1.2864,0.072182,0.791007,-1.071715
0.783556,0.200839,-1.105058,-0.374589,0.635479,-0.809909,-0.270305,-0.077372,-0.963192,0.729008,-0.193828,-0.67082,0.451814,0.144383,-1.165084,-0.060681,0.488548,-0.84008,0.746921,0.084305,-1.102925,-0.20356,0.641111,-0.871592
0.888235,-0.061907,-0.744164,-0.416924,-0.326602,-0.889089,-0.213538,-0.282314,-0.881685,0.563128,-0.420148,-0.589928,0.516592,-0.074798,-0.904898,-0.046518,-0.245666,-1.042707,0.60386,-0.18531,-0.850814,-0.297333,-0.186729,-0.926083
0.878855,-0.035317,-0.411413,-0.434765,-0.217148,-0.81388,-0.202927,-0.263533,-0.833358,0.343987,-0.320256,-0.66091,0.610053,-0.049283,-0.615144,-0.376128,-0.216674,-0.920781,0.688293,-0.173964,-0.641169,-0.399604,-0.200261,-0.723446
0.743145,-0.023736,-0.094813,-0.748882,-0.04727,-0.850915,-0.185131,-0.208044,-0.702222,0.186198,-0.350055,-0.68488,0.470871,-0.08106,-0.440641,-0.513281,-0.119327,-0.840208,0.517806,-0.138352,-0.120284,-0.739424,-0.089621,-0.656654
0.53553,-0.048157,-0.032241,-0.937622,0.052533,-1.028032,-0.20172,-0.172759,-0.600665,-0.069734,-0.229737,-0.613993,0.427374,-0.06283,-0.36123,-0.708729,-0.025551,-0.868275,0.438133,-0.260191,-0.349377,-0.926299,0.012295,-0.844055
0.555844,0.003204,0.00057,-0.950822,-0.069957,-0.276209,-0.181858,-0.141767,-0.630406,-0.113101,-0.171342,-0.672767,0.481006,-0.029935,-0.381263,-0.728614,-0.105568,-0.315795,0.482155,-0.21663,-0.248345,-0.939346,-0.109811,-0.082958
0.555341,-0.002644,0.001657,-0.656125,0.162389,0.112821,-0.183106,-0.14583,-0.634843,-0.115273,-0.177164,-0.677458,0.486192,-0.03593,-0.385362,-0.617483,0.152685,-0.29466,0.469585,-0.226144,-0.240729,-0.541576,0.223016,-0.09522
0.558168,-0.004512,0.001595,-0.980196,0.333346,-0.212327,-0.185624,-0.150929,-0.636639,-0.132581,-0.211863,-0.653148,0.487799,-0.041527,-0.386932,-0.708794,0.174967,-0.43186,0.48183,-0.226558,-0.24279,-0.840191,0.223856,-0.459798
0.545847,0.018009,0.003177,-0.693019,0.158714,0.096309,-0.186214,-0.158384,-0.637446,-0.12807,-0.207848,-0.65939,0.489108,-0.049399,-0.388203,-0.68341,0.189087,-0.408202,0.495403,-0.235006,-0.253041,-0.678215,0.175171,0.046029
0.558113,0.007099,-0.010625,-0.612181,0.195393,-0.039485,-0.189568,-0.158911,-0.639428,-0.129147,-0.204169,-0.662639,0.488431,-0.049731,-0.389683,-0.675543,0.198819,-0.397655,0.495436,-0.229444,-0.25882,-0.595812,0.189336,-0.105635
0.64608,-0.016455,0.003675,-0.609323,0.234651,-0.017297,-0.198591,-0.159638,-0.637504,-0.130621,-0.201978,-0.663819,0.481479,-0.050337,-0.38761,-0.666978,0.206363,-0.385037,0.50099,-0.25187,-0.296337,-0.592973,0.2218,-0.083536
0.721558,-0.015426,-0.107305,-0.678844,0.174554,0.189505,-0.211659,-0.203773,-0.619352,-0.136739,-0.207324,-0.651771,0.464742,-0.095122,-0.371939,-0.516812,0.222167,-0.134624,0.527331,-0.271197,-0.327996,-0.625182,0.246768,-0.05751
0.815044,-0.071068,-0.305006,-0.965485,-0.277441,-0.205071,-0.270425,-0.285444,-0.580837,-0.002674,-0.256664,-0.761817,0.47676,-0.120249,-0.481625,-0.69128,-0.298609,-0.499737,0.501196,-0.218051,-0.205458,-1.033399,-0.274635,-0.509802
0.864021,-0.281392,-0.617545,-0.630365,-0.447765,-0.486229,-0.340121,-0.411694,-0.588159,0.651194,-0.340827,-0.894617,0.56359,-0.196279,-0.721469,-0.202794,-0.450416,-0.719167,0.60813,-0.165374,-0.763077,-0.494047,-0.583292,-0.686279
0.57291,-0.588404,-1.187421,-0.549628,-0.68433,-0.827221,-0.47635,-0.570733,-0.728654,0.261323,-0.337008,-0.68319,0.190169,-0.529385,-1.08195,-0.335072,-0.660143,-1.025885,0.41655,-0.57168,-0.979521,-0.528606,-0.522397,-0.879508
0.228572,-0.96164,-1.469875,-0.170249,-0.269899,-1.05044,-0.520069,-0.645596,-0.706604,0.606313,-0.627198,-0.486725,-0.008725,-0.851092,-1.21141,-0.054172,-0.2514,-0.981761,0.216174,-0.86325,-1.300934,-0.117847,-0.323157,-1.1103
-0.136841,-1.285772,-1.469016,0.048528,-0.624196,-1.25876,-0.747901,-0.664579,-0.452916,0.681664,-0.766112,-0.434418,-0.316735,-1.11011,-1.169357,0.207196,-0.613397,-1.128051,-0.08146,-1.225221,-1.166107,0.205122,-0.705454,-1.277332
-0.467477,-1.563917,-1.290618,0.314595,-1.06348,-1.284393,-0.834642,-0.648471,-0.430053,0.734508,-0.655077,-0.166698,-0.616153,-1.198075,-0.91688,0.589319,-0.89314,-0.859072,-0.392849,-1.596817,-0.934198,0.452146,-0.992127,-1.235673
-0.702259,-1.697086,-1.006458,0.471181,-1.404419,-1.129193,-0.787859,-0.67323,-0.305571,0.754204,-0.680885,-0.148432,-0.779389,-1.26985,-0.722009,0.601941,-1.082115,-0.741713,-0.809433,-1.58148,-0.890089,0.55082,-1.231999,-1.100218
-0.832682,-1.81709,-0.757961,0.542393,-1.692216,-0.915448,-0.789779,-0.733202,-0.241602,0.646581,-0.730717,-0.096064,-0.868072,-1.372314,-0.557529,0.620227,-1.247578,-0.601627,-0.909887,-1.574093,-0.644914,0.607702,-1.436815,-0.866763
-0.857783,-1.915669,-0.558895,0.561157,-1.876813,-0.723674,-0.792919,-0.792118,-0.183986,0.629732,-0.805035,-0.102994,-0.879486,-1.442997,-0.468165,0.614459,-1.392071,-0.52051,-0.947403,-1.773506,-0.488869,0.662013,-1.592859,-0.631523
-0.813747,-1.920877,-0.471646,0.519031,-1.967768,-0.574175,-0.779618,-0.817484,-0.109095,0.613164,-0.844643,-0.095022,-0.867522,-1.471173,-0.370043,0.586022,-1.514453,-0.440118,-0.909581,-1.601062,-0.343171,0.630723,-1.773502,-0.532274
-0.728429,-1.915343,-0.442614,0.470038,-1.967503,-0.549601,-0.743384,-0.826494,-0.063983,0.598499,-0.873419,-0.075897,-0.795317,-1.490094,-0.29927,0.57718,-1.544567,-0.411046,-0.749085,-1.769656,-0.279671,0.5806,-1.804707,-0.492493
-0.608468,-1.958972,-0.498974,0.462011,-1.950735,-0.546417,-0.715686,-0.821665,-0.05061,0.590009,-0.865238,-0.061319,-0.719717,-1.547274,-0.346281,0.569556,-1.534347,-0.397853,-0.699538,-1.790277,-0.327917,0.544592,-1.802588,-0.446578
-0.605034,-1.955584,-0.523946,0.455228,-1.93249,-0.540839,-0.692257,-0.81695,-0.063575,0.586867,-0.857549,-0.056778,-0.700306,-1.528559,-0.38664,0.566217,-1.52202,-0.392249,-0.677825,-1.78354,-0.373203,0.520647,-1.808358,-0.419942
-0.609019,-1.919788,-0.531823,0.454839,-1.927456,-0.53903,-0.6944,-0.814305,-0.072915,0.585581,-0.852595,-0.055788,-0.702555,-1.502996,-0.391545,0.567182,-1.494486,-0.384628,-0.722989,-1.780019,-0.419076,0.522231,-1.802602,-0.422195
