-0.511712,-1.80116,-0.67381,0.670217,-1.738857,-0.449684,-0.586783,-0.705822,-0.123232,0.620722,-0.730022,-0.154843,-0.5637,-1.360778,-0.488569,0.664368,-1.368095,-0.390104,-0.382636,-1.541594,-0.70151,0.533344,-1.527523,-0.569718
-0.514262,-1.802235,-0.68205,0.66876,-1.748355,-0.453748,-0.587359,-0.707682,-0.122483,0.622774,-0.73825,-0.154861,-0.564767,-1.360265,-0.486022,0.665903,-1.379273,-0.391653,-0.38372,-1.540852,-0.701699,0.537707,-1.546089,-0.566179
-0.513575,-1.803245,-0.688106,0.663103,-1.756204,-0.450531,-0.587584,-0.709779,-0.122339,0.624078,-0.739804,-0.154611,-0.564851,-1.366759,-0.487768,0.665802,-1.393778,-0.394769,-0.384245,-1.537695,-0.701928,0.536575,-1.533328,-0.571846
-0.51933,-1.799631,-0.684355,0.660497,-1.753974,-0.448276,-0.588266,-0.707221,-0.123116,0.621983,-0.737263,-0.154317,-0.565138,-1.364703,-0.489007,0.663448,-1.393087,-0.394798,-0.386579,-1.537911,-0.702603,0.534858,-1.528285,-0.569678
-0.515392,-1.805302,-0.682804,0.66712,-1.753625,-0.455187,-0.589032,-0.709271,-0.123074,0.623095,-0.739321,-0.15398,-0.565318,-1.370373,-0.491223,0.66457,-1.398516,-0.3952,-0.385975,-1.545306,-0.704357,0.537596,-1.558272,-0.569798
-0.515742,-1.801018,-0.681362,0.672327,-1.747344,-0.445537,-0.589021,-0.70652,-0.124384,0.619844,-0.736482,-0.153551,-0.566375,-1.361393,-0.4869,0.662782,-1.39683,-0.392342,-0.383269,-1.598944,-0.717262,0.536071,-1.577694,-0.562245
-0.515854,-1.797134,-0.679431,0.683894,-1.75306,-0.427314,-0.589438,-0.704825,-0.126211,0.618795,-0.733558,-0.153229,-0.565711,-1.361691,-0.490553,0.6804,-1.382186,-0.372451,-0.386801,-1.545896,-0.704113,0.53695,-1.490571,-0.553716
-0.516483,-1.796207,-0.681978,0.704556,-1.753705,-0.429424,-0.589178,-0.704393,-0.126106,0.62676,-0.732472,-0.146861,-0.565209,-1.361496,-0.490412,0.706969,-1.370699,-0.35712,-0.386389,-1.54426,-0.70371,0.562684,-1.588166,-0.496379
-0.518565,-1.802833,-0.691659,0.780433,-1.740998,-0.427352,-0.588921,-0.707796,-0.127648,0.664142,-0.712266,-0.130203,-0.566865,-1.359251,-0.483608,0.761659,-1.381938,-0.348939,-0.384666,-1.540852,-0.702045,0.649266,-1.64996,-0.442651
-0.516664,-1.814538,-0.700642,0.895197,-1.705663,-0.447441,-0.588775,-0.712216,-0.129907,0.712861,-0.679008,-0.118703,-0.567282,-1.363954,-0.481963,0.868202,-1.371162,-0.350565,-0.380753,-1.546117,-0.705293,0.745462,-1.658562,-0.456055
-0.508335,-1.818277,-0.717364,1.059542,-1.639849,-0.474921,-0.585385,-0.720232,-0.138702,0.773109,-0.623315,-0.109518,-0.562693,-1.375618,-0.49063,1.021505,-1.301765,-0.359349,-0.374891,-1.557661,-0.718259,0.878823,-1.626177,-0.450743
-0.512034,-1.821822,-0.725983,1.246949,-1.530027,-0.487367,-0.584528,-0.723927,-0.142278,0.844344,-0.572443,-0.107545,-0.561573,-1.374187,-0.488288,1.165458,-1.195903,-0.360591,-0.373583,-1.557748,-0.716289,1.017128,-1.542642,-0.484624
-0.509352,-1.833217,-0.733454,1.451682,-1.378311,-0.489243,-0.586348,-0.735346,-0.149629,0.918354,-0.521842,-0.099852,-0.559592,-1.394278,-0.498405,1.319396,-1.06438,-0.356507,-0.371911,-1.605159,-0.727499,1.209616,-1.408029,-0.504809
-0.483277,-1.814014,-0.729085,1.625939,-1.146005,-0.478505,-0.563596,-0.71971,-0.153292,0.985192,-0.415905,-0.086432,-0.536117,-1.385121,-0.497531,1.3939,-0.814268,-0.316296,-0.349114,-1.545781,-0.712062,1.390135,-1.20189,-0.469685
-0.476435,-1.8475,-0.719615,1.79713,-0.932867,-0.44049,-0.572128,-0.718047,-0.146671,1.049117,-0.299346,-0.061024,-0.538869,-1.411711,-0.498326,1.557523,-0.66638,-0.29865,-0.349825,-1.570848,-0.706466,1.566805,-1.017737,-0.430116
-0.488929,-1.836815,-0.731706,1.923369,-0.703481,-0.399981,-0.578354,-0.724681,-0.149032,1.09245,-0.199697,-0.053521,-0.539372,-1.408663,-0.497207,1.615937,-0.434021,-0.250402,-0.352613,-1.581534,-0.714986,1.714907,-0.805613,-0.387317
-0.449906,-1.81039,-0.708236,1.999111,-0.323125,-0.340447,-0.54984,-0.716459,-0.156215,1.136325,-0.04673,-0.049561,-0.504933,-1.419609,-0.518676,1.67614,-0.187368,-0.211838,-0.323822,-1.56146,-0.706408,1.825943,-0.473838,-0.310301
-0.463881,-1.839704,-0.706931,2.056967,-0.148317,-0.293429,-0.565008,-0.735938,-0.151312,1.16336,0.037563,-0.029256,-0.519227,-1.423564,-0.508173,1.724768,-0.019167,-0.178071,-0.33771,-1.565889,-0.701259,1.90096,-0.29904,-0.265906
-0.482702,-1.824105,-0.716735,2.057704,0.033352,-0.278552,-0.569529,-0.749111,-0.151462,1.154467,0.106691,-0.014425,-0.530705,-1.412177,-0.491814,1.717926,0.101088,-0.15985,-0.353525,-1.547521,-0.677918,1.925477,-0.160647,-0.251647
-0.472026,-1.859993,-0.706224,2.052713,0.187134,-0.268264,-0.56729,-0.762367,-0.152841,1.147308,0.170624,-0.001648,-0.527916,-1.442271,-0.50201,1.702609,0.222927,-0.153521,-0.346554,-1.587776,-0.692626,1.929691,-0.009195,-0.255197
-0.483659,-1.836226,-0.714049,2.035649,0.27431,-0.279446,-0.57072,-0.765556,-0.152448,1.150461,0.207216,0.00131,-0.534071,-1.424702,-0.486592,1.700186,0.296399,-0.155753,-0.351071,-1.583336,-0.687778,1.927768,0.077233,-0.253912
-0.480118,-1.832899,-0.716541,2.032875,0.307967,-0.288941,-0.573186,-0.769192,-0.152212,1.152712,0.22831,-0.002734,-0.535363,-1.426818,-0.484322,1.694056,0.350936,-0.168781,-0.36096,-1.54878,-0.67259,1.921456,0.129935,-0.263435
-0.477173,-1.833275,-0.721332,2.028888,0.315816,-0.31036,-0.574973,-0.769068,-0.152334,1.150785,0.24162,-0.006973,-0.535241,-1.424577,-0.484246,1.692335,0.361818,-0.176017,-0.358785,-1.5688,-0.681739,1.916656,0.155424,-0.260458
-0.459153,-1.80716,-0.719559,2.001625,0.312985,-0.325008,-0.555118,-0.76241,-0.15714,1.13892,0.235716,-0.017398,-0.514848,-1.405424,-0.483913,1.671229,0.349748,-0.185145,-0.341106,-1.544337,-0.675999,1.890212,0.142981,-0.296247
-0.452345,-1.802094,-0.719867,1.985613,0.313729,-0.367028,-0.550402,-0.760933,-0.161213,1.135057,0.236701,-0.031099,-0.50876,-1.401307,-0.488535,1.662389,0.351692,-0.2068,-0.338811,-1.545637,-0.680771,1.879102,0.140093,-0.331168
-0.449944,-1.794132,-0.719397,1.987976,0.278265,-0.379048,-0.544685,-0.758285,-0.163124,1.127211,0.233618,-0.041886,-0.50226,-1.393899,-0.490558,1.650378,0.349133,-0.220618,-0.332963,-1.540904,-0.684442,1.865617,0.138652,-0.354571
-0.44432,-1.820689,-0.707492,1.983747,0.27582,-0.384389,-0.543278,-0.756359,-0.159393,1.121913,0.230802,-0.043518,-0.496208,-1.417334,-0.504949,1.643281,0.333015,-0.232701,-0.326741,-1.555317,-0.688522,1.861853,0.123944,-0.363863
-0.44494,-1.81641,-0.707124,1.973681,0.265122,-0.393882,-0.541718,-0.755186,-0.160245,1.116648,0.224474,-0.050288,-0.495038,-1.404317,-0.502848,1.703495,0.272337,-0.261472,-0.326984,-1.558576,-0.689876,1.869857,0.088259,-0.361006
-0.445161,-1.812247,-0.706022,1.983315,0.217569,-0.399938,-0.540965,-0.753494,-0.159505,1.11742,0.211725,-0.059115,-0.491503,-1.423329,-0.51519,1.640392,0.282337,-0.256872,-0.327266,-1.547539,-0.683033,1.853534,0.090368,-0.325542
-0.446737,-1.809464,-0.700531,1.992701,0.136245,-0.391961,-0.540268,-0.753797,-0.157876,1.118013,0.181728,-0.069689,-0.491359,-1.428162,-0.515225,1.700185,0.194818,-0.268303,-0.328409,-1.542712,-0.681257,1.86958,-0.013455,-0.366126
-0.443415,-1.801356,-0.686019,1.987294,0.024552,-0.397224,-0.540521,-0.747641,-0.149476,1.109897,0.141173,-0.0746,-0.494601,-1.395696,-0.493253,1.641244,0.143454,-0.256647,-0.329605,-1.535297,-0.670703,1.866821,-0.07493,-0.274432
-0.441492,-1.795304,-0.671394,1.998774,-0.146198,-0.373913,-0.541327,-0.740102,-0.143871,1.110116,0.082578,-0.083408,-0.496489,-1.381959,-0.482321,1.639142,0.038295,-0.268704,-0.329699,-1.538394,-0.668072,1.836679,-0.165879,-0.266541
-0.444921,-1.784299,-0.667875,1.951315,-0.307676,-0.406111,-0.5399,-0.734517,-0.14377,1.128375,-0.005453,-0.106123,-0.496949,-1.372818,-0.477509,1.643217,-0.132093,-0.295052,-0.329561,-1.532761,-0.66672,1.78376,-0.27275,-0.268154
-0.44737,-1.768694,-0.654928,1.894883,-0.507807,-0.415546,-0.541095,-0.721192,-0.137409,1.089974,-0.080682,-0.10165,-0.49959,-1.357854,-0.468778,1.657697,-0.340336,-0.314277,-0.332477,-1.513179,-0.658775,1.745529,-0.462288,-0.298772
-0.452627,-1.768406,-0.653029,1.809334,-0.726176,-0.439519,-0.540261,-0.720827,-0.140712,1.056268,-0.191806,-0.10223,-0.501231,-1.354962,-0.469421,1.534885,-0.421639,-0.301773,-0.332577,-1.513262,-0.662832,1.672626,-0.647021,-0.303197
-0.459139,-1.769187,-0.656119,1.715394,-0.943361,-0.442465,-0.542057,-0.717203,-0.139808,1.015307,-0.274171,-0.094108,-0.504107,-1.356613,-0.470084,1.47947,-0.606607,-0.314104,-0.334398,-1.541627,-0.672219,1.584709,-0.821193,-0.293576
-0.462722,-1.779018,-0.662562,1.577774,-1.142893,-0.470167,-0.542354,-0.726874,-0.149029,0.965351,-0.384849,-0.100326,-0.503897,-1.394465,-0.489017,1.365522,-0.766055,-0.318155,-0.33492,-1.549744,-0.6825,1.455104,-0.969808,-0.294216
-0.468187,-1.790485,-0.670449,1.373283,-1.395467,-0.486903,-0.542677,-0.72983,-0.155808,0.912793,-0.503944,-0.107753,-0.510089,-1.389718,-0.490526,1.295445,-1.05261,-0.356879,-0.335466,-1.565703,-0.696807,1.269966,-1.266238,-0.352229
-0.469707,-1.795417,-0.671864,1.219263,-1.527299,-0.487185,-0.544448,-0.727959,-0.15657,0.86165,-0.538407,-0.11561,-0.51377,-1.387554,-0.491606,1.182103,-1.166971,-0.358164,-0.338723,-1.572624,-0.70208,1.130004,-1.356441,-0.328057
-0.489953,-1.831608,-0.670522,1.085848,-1.650797,-0.485136,-0.56876,-0.73798,-0.152365,0.807365,-0.581421,-0.105022,-0.538242,-1.409035,-0.493766,1.07741,-1.279307,-0.351837,-0.361219,-1.640262,-0.717431,0.999321,-1.512741,-0.327493
-0.482329,-1.823011,-0.679,0.945351,-1.722714,-0.478986,-0.56964,-0.732977,-0.154207,0.759443,-0.620106,-0.10104,-0.541719,-1.403542,-0.495092,0.962342,-1.360371,-0.350388,-0.361617,-1.61895,-0.721388,0.863929,-1.540726,-0.333041
-0.489198,-1.794426,-0.673054,0.815024,-1.747182,-0.459274,-0.569347,-0.714176,-0.153348,0.704938,-0.661318,-0.098271,-0.543647,-1.378401,-0.491302,0.860792,-1.374476,-0.34483,-0.362488,-1.542256,-0.70046,0.727625,-1.585032,-0.375493
-0.513334,-1.810483,-0.671025,0.740775,-1.780392,-0.45936,-0.597413,-0.71239,-0.148266,0.657405,-0.722461,-0.095985,-0.57108,-1.36444,-0.486478,0.776992,-1.371508,-0.326941,-0.390718,-1.540788,-0.70174,0.638204,-1.601765,-0.402195
-0.531029,-1.807527,-0.669292,0.680401,-1.773174,-0.461059,-0.61365,-0.707946,-0.144585,0.629037,-0.729554,-0.095158,-0.588154,-1.365553,-0.48585,0.706699,-1.415429,-0.33496,-0.406217,-1.544225,-0.697894,0.545076,-1.47518,-0.492731
-0.531324,-1.800851,-0.667823,0.641399,-1.780523,-0.447716,-0.616354,-0.704035,-0.146562,0.612357,-0.726179,-0.09925,-0.591439,-1.361411,-0.488176,0.671705,-1.419053,-0.34596,-0.408254,-1.549028,-0.701311,0.534609,-1.476088,-0.492715
-0.535957,-1.798866,-0.668239,0.633575,-1.780528,-0.443381,-0.616875,-0.701179,-0.146524,0.605129,-0.724418,-0.101607,-0.593687,-1.349634,-0.484244,0.65882,-1.420174,-0.349989,-0.409038,-1.529896,-0.693105,0.515407,-1.575124,-0.545157
-0.540715,-1.790258,-0.668077,0.629742,-1.776719,-0.445336,-0.616132,-0.700033,-0.147811,0.599437,-0.723602,-0.104142,-0.593934,-1.340152,-0.480999,0.653579,-1.41943,-0.35174,-0.410533,-1.534762,-0.696922,0.512946,-1.560404,-0.547833
-0.537417,-1.786595,-0.668382,0.626154,-1.773615,-0.442327,-0.615208,-0.698599,-0.149226,0.594456,-0.722062,-0.10776,-0.593054,-1.338638,-0.481782,0.648862,-1.417705,-0.353433,-0.410279,-1.531341,-0.696826,0.514706,-1.564032,-0.535834
-0.541443,-1.783328,-0.670355,0.628748,-1.763611,-0.446972,-0.612677,-0.697799,-0.150737,0.591797,-0.719979,-0.111775,-0.591075,-1.337239,-0.482114,0.643917,-1.415247,-0.357179,-0.409568,-1.5333,-0.698336,0.510846,-1.519135,-0.539392
-0.545597,-1.781839,-0.669875,0.609828,-1.776213,-0.448262,-0.612401,-0.696978,-0.150776,0.588408,-0.717949,-0.115001,-0.592757,-1.334554,-0.478607,0.63385,-1.427164,-0.36631,-0.411216,-1.511289,-0.689347,0.508975,-1.553849,-0.543687
-0.543748,-1.780767,-0.666788,0.618906,-1.766159,-0.453474,-0.610703,-0.696071,-0.150672,0.587114,-0.716376,-0.118224,-0.591348,-1.335545,-0.47892,0.629702,-1.436442,-0.372869,-0.411736,-1.52647,-0.697441,0.50758,-1.520951,-0.545274
