-0.743934,-2.267328,-0.905232,0.78117,-2.21108,-0.857373,-0.697959,-0.867251,-0.271268,0.761699,-0.938681,-0.15656,-0.726276,-1.826383,-0.770963,0.831249,-1.701997,-0.537878,-0.865179,-1.984788,-0.753245,0.909545,-1.995386,-0.808996
-0.746414,-2.272934,-0.908581,0.777961,-2.217538,-0.860528,-0.700519,-0.869833,-0.270903,0.762916,-0.941256,-0.156203,-0.728886,-1.831354,-0.772067,0.832655,-1.706617,-0.538407,-0.867416,-1.993864,-0.759859,0.914817,-2.064477,-0.860706
-0.743689,-2.267964,-0.911395,0.778628,-2.208741,-0.867357,-0.697997,-0.868382,-0.271107,0.763022,-0.939522,-0.156175,-0.726313,-1.828493,-0.771272,0.832842,-1.703687,-0.538154,-0.864942,-1.977904,-0.752898,0.916436,-2.060725,-0.864665
-0.744281,-2.267999,-0.905268,0.776706,-2.209488,-0.864109,-0.696991,-0.86741,-0.271046,0.762929,-0.938565,-0.156485,-0.725102,-1.826691,-0.770951,0.83267,-1.702252,-0.538366,-0.867087,-1.983251,-0.745719,0.906068,-1.987666,-0.816069
-0.747258,-2.274097,-0.908878,0.778705,-2.217241,-0.861035,-0.700134,-0.870199,-0.270733,0.7641,-0.941269,-0.155909,-0.728206,-1.83218,-0.772077,0.833891,-1.707382,-0.538971,-0.869749,-1.995656,-0.750039,0.907775,-1.973921,-0.800477
-0.740443,-2.263647,-0.910201,0.782322,-2.204016,-0.867082,-0.695397,-0.866491,-0.270392,0.763225,-0.9372,-0.156392,-0.723211,-1.824754,-0.77011,0.832892,-1.70031,-0.537934,-0.864611,-1.994126,-0.75303,0.91734,-1.991468,-0.828625
-0.746778,-2.273937,-0.902805,0.780133,-2.215503,-0.858646,-0.698521,-0.86945,-0.269999,0.764382,-0.939778,-0.155994,-0.726199,-1.8301,-0.771659,0.8342,-1.705059,-0.538405,-0.876092,-2.084082,-0.778763,0.920267,-2.022786,-0.841191
-0.738764,-2.267916,-0.905713,0.786114,-2.207039,-0.866413,-0.696147,-0.867818,-0.270076,0.764006,-0.938279,-0.156606,-0.723599,-1.82679,-0.770856,0.833938,-1.70202,-0.537853,-0.863356,-1.983464,-0.742506,0.912523,-2.045891,-0.838142
-0.750459,-2.272641,-0.996021,0.838592,-2.23008,-0.846668,-0.700792,-0.870392,-0.269542,0.764949,-0.941575,-0.156472,-0.729379,-1.833394,-0.771877,0.849289,-1.716019,-0.528306,-0.777241,-1.951069,-1.056408,0.934646,-1.974711,-0.712581
-0.892088,-2.221634,-1.131725,1.074528,-2.073368,-0.925522,-0.701556,-0.866081,-0.292494,0.767355,-0.946121,-0.163529,-0.789873,-1.763774,-0.807628,0.94245,-1.677129,-0.531076,-0.894713,-2.108225,-0.916355,1.172262,-1.867007,-0.865942
-0.983708,-1.996017,-1.322095,1.416938,-1.703624,-1.12487,-0.731024,-0.82167,-0.313079,0.773227,-0.931703,-0.170496,-0.874298,-1.513877,-0.911396,1.13417,-1.49008,-0.613524,-0.885847,-1.88715,-1.134184,1.465417,-1.57559,-0.958582
-0.971843,-1.705897,-1.727509,1.673348,-1.194648,-1.263625,-0.785973,-0.748534,-0.359572,0.790656,-0.901536,-0.176532,-0.903499,-1.30917,-1.118046,1.305047,-1.211247,-0.697589,-0.861429,-1.698151,-1.414902,1.646711,-1.098579,-1.045485
-0.839283,-1.359713,-1.881492,1.691689,-0.652041,-1.296254,-0.867542,-0.585133,-0.587356,1.078312,-0.747519,-0.397836,-0.852537,-1.020563,-1.246607,1.627967,-0.671705,-1.057818,-0.767863,-1.351881,-1.58868,1.692501,-0.551927,-1.104597
-0.639727,-1.063646,-1.934789,1.648773,-0.128755,-1.28177,-0.876215,-0.523389,-0.620622,0.954312,-0.601558,-0.267421,-0.768781,-0.841367,-1.333518,1.455635,-0.350733,-0.86708,-0.613898,-1.033604,-1.693653,1.526675,-0.218494,-0.861189
-0.476612,-0.715864,-1.75263,1.571267,0.427595,-1.133838,-0.853582,-0.47868,-0.453977,1.017936,-0.440212,-0.403604,-0.744165,-0.657229,-1.194917,1.442203,-0.084819,-0.920939,-0.640347,-0.761387,-1.333667,1.431684,0.233595,-0.88433
-0.220008,-0.53859,-1.826539,1.422303,0.751772,-1.029789,-0.871824,-0.491351,-0.426116,1.023677,-0.436989,-0.452335,-0.566961,-0.548216,-1.167066,1.323643,0.28359,-0.906412,-0.147158,-0.633997,-1.731807,1.296851,0.525611,-0.848543
0.037982,-0.397902,-1.831475,1.269633,0.977735,-0.913895,-0.839431,-0.523745,-0.425873,1.038687,-0.361005,-0.529042,-0.286107,-0.423199,-1.309959,1.225377,0.451732,-0.880896,0.065402,-0.518437,-1.679937,1.152757,0.671909,-0.746805
0.291574,-0.342161,-1.743426,1.107796,1.097651,-0.82987,-0.724117,-0.438759,-0.605451,1.035394,-0.105466,-0.640035,-0.127594,-0.391525,-1.307913,1.105455,0.626163,-0.851086,0.283386,-0.501936,-1.490504,1.008028,0.740425,-0.70286
0.596102,-0.390531,-1.633916,0.958369,1.152444,-0.740472,-0.609773,-0.441481,-0.749735,0.997455,-0.036933,-0.71112,0.202626,-0.410506,-1.391908,0.999007,0.726239,-0.814674,0.500479,-0.498246,-1.439167,0.880041,0.817746,-0.665276
0.812297,-0.408327,-1.480596,0.868527,1.138855,-0.727684,-0.398315,-0.493701,-0.879265,0.936872,0.055302,-0.766072,0.436059,-0.44766,-1.276682,0.846109,0.922396,-0.724772,0.62917,-0.528533,-1.245091,0.763842,0.912377,-0.615509
0.735544,-0.431113,-1.289727,0.849697,1.171774,-0.610703,-0.487434,-0.49892,-0.668353,0.878853,0.124171,-0.800271,0.221113,-0.478402,-1.075281,0.825113,0.923269,-0.722718,0.567741,-0.533565,-0.963501,0.668328,0.958755,-0.633491
0.739835,-0.396593,-1.161185,0.788251,1.104996,-0.653555,-0.467775,-0.526471,-0.665992,0.819188,0.020017,-0.873759,0.266378,-0.485745,-1.046492,0.762448,0.921726,-0.698377,0.612366,-0.522859,-0.910459,0.654936,0.804035,-0.589911
0.674378,-0.321444,-1.057798,0.790577,1.088749,-0.596878,-0.451674,-0.552875,-0.662004,0.80652,-0.009992,-0.867299,0.23874,-0.511014,-1.127261,0.667694,0.796947,-0.701925,0.433144,-0.415971,-0.948331,0.601109,0.775447,-0.594719
0.67934,-0.347665,-1.040691,0.73574,1.061269,-0.619927,-0.453507,-0.557688,-0.657341,0.804617,-0.01597,-0.872733,0.243068,-0.514697,-1.117062,0.665893,0.765272,-0.713237,0.43897,-0.507398,-0.925972,0.581419,0.748032,-0.609802
0.680247,-0.356479,-1.029285,0.744836,1.045661,-0.624931,-0.45904,-0.560486,-0.651322,0.795897,-0.022646,-0.878291,0.240261,-0.517149,-1.110053,0.662304,0.755406,-0.719226,0.441547,-0.515697,-0.928887,0.573414,0.751056,-0.610591
0.678944,-0.348234,-1.02672,0.67842,1.017558,-0.653908,-0.460623,-0.565672,-0.651916,0.79772,-0.025645,-0.879788,0.241148,-0.51253,-1.109564,0.661818,0.745904,-0.717602,0.456562,-0.501829,-0.926542,0.567058,0.762098,-0.632377
0.678556,-0.344776,-1.028134,0.70072,1.04763,-0.585371,-0.461141,-0.563398,-0.652288,0.804477,-0.040093,-0.879724,0.242077,-0.514982,-1.112607,0.656658,0.809503,-0.705076,0.457596,-0.496783,-0.929052,0.54574,0.839875,-0.640693
0.677563,-0.351854,-1.04559,0.693443,1.008486,-0.637068,-0.457878,-0.572354,-0.613611,0.813874,-0.050191,-0.878232,0.206885,-0.505438,-1.130586,0.69695,0.715826,-0.678465,0.422358,-0.510936,-0.950998,0.641564,0.742331,-0.56562
0.650208,-0.392118,-1.096978,0.834005,1.054227,-0.610315,-0.466913,-0.569734,-0.627874,0.890975,-0.281552,-0.900612,0.219398,-0.513124,-1.12471,0.815607,0.810811,-0.760729,0.450976,-0.54328,-0.959922,0.707446,0.93153,-0.608718
0.465601,-0.455738,-1.238022,1.033748,1.006197,-0.783383,-0.52592,-0.578236,-0.605944,0.886112,-0.334725,-0.919305,0.149961,-0.555987,-1.118796,0.993948,0.56533,-0.821929,0.228451,-0.660836,-0.891717,0.921991,0.835209,-0.730456
0.644859,-0.634698,-1.434777,1.225015,0.865131,-0.931045,-0.663168,-0.577174,-0.528336,0.996876,-0.218206,-0.70261,0.15779,-0.659106,-1.124913,1.181733,0.538605,-0.903911,0.47731,-0.743455,-1.283841,1.15294,0.571019,-0.844278
0.11653,-0.990219,-1.567224,1.565897,0.422032,-1.208031,-0.881336,-0.576165,-0.48768,1.041042,-0.484477,-0.482837,-0.199223,-0.853185,-1.2598,1.426533,0.044372,-0.954249,-0.11772,-1.053543,-1.195215,1.477959,0.382161,-1.032107
-0.221725,-1.192228,-1.564837,1.61936,0.051212,-1.292936,-0.945305,-0.527079,-0.533866,1.138605,-0.508496,-0.553046,-0.515473,-0.919344,-1.187911,1.557852,-0.136379,-1.083638,-0.257071,-1.227125,-1.473815,1.469769,-0.021949,-1.149166
-0.50949,-1.34255,-1.538292,1.658363,-0.440112,-1.341791,-0.9447,-0.51975,-0.480783,0.916285,-0.709356,-0.309301,-0.720694,-0.997073,-1.033844,1.454766,-0.572022,-0.918749,-0.534827,-1.379247,-1.429294,1.498791,-0.436195,-1.240218
-0.777027,-1.668681,-1.469611,1.600556,-1.217532,-1.184652,-0.80134,-0.641017,-0.339383,0.875191,-0.725144,-0.200635,-0.86555,-1.139166,-0.931861,1.327863,-1.10382,-0.662181,-0.941975,-1.508522,-1.153563,1.519802,-1.080321,-1.164421
-0.888659,-1.713902,-1.330334,1.467247,-1.572528,-1.058063,-0.805017,-0.704211,-0.323905,0.854748,-0.797179,-0.201472,-0.901084,-1.289986,-0.905404,1.253074,-1.29654,-0.583996,-0.979849,-1.635436,-1.165791,1.410335,-1.407006,-1.001985
-0.905836,-1.897522,-1.167824,1.290696,-1.849143,-0.89154,-0.795988,-0.752094,-0.312433,0.827589,-0.831747,-0.192245,-0.912495,-1.449398,-0.803386,1.128284,-1.435417,-0.501722,-1.007365,-1.704903,-0.959744,1.294253,-1.676515,-0.888123
-0.901094,-2.062717,-1.028351,1.136769,-2.044969,-0.731996,-0.771219,-0.786711,-0.288378,0.793477,-0.89696,-0.189327,-0.892731,-1.574619,-0.804903,1.02452,-1.557977,-0.440394,-0.974621,-1.773194,-0.848694,1.138514,-1.802685,-0.703481
-0.858678,-2.178776,-0.863446,1.003769,-2.123188,-0.614016,-0.717298,-0.808876,-0.274728,0.774813,-0.928232,-0.186176,-0.827441,-1.717685,-0.71022,0.939402,-1.619505,-0.410229,-0.930684,-1.868743,-0.741451,1.004827,-1.852114,-0.603381
-0.743255,-2.212662,-0.777757,0.757951,-2.191545,-0.760186,-0.677513,-0.823369,-0.254387,0.75641,-0.935394,-0.178275,-0.743559,-1.740307,-0.683651,0.736203,-1.684206,-0.525065,-0.839002,-1.925967,-0.698139,0.624788,-1.792431,-0.778746
-0.64736,-2.200289,-0.792828,0.804017,-2.147268,-0.649698,-0.65993,-0.834332,-0.238421,0.747646,-0.946994,-0.173073,-0.694288,-1.744555,-0.690543,0.823396,-1.656921,-0.394781,-0.794135,-1.85558,-0.67914,0.686954,-1.848546,-0.734483
-0.692959,-2.196772,-0.801664,0.795298,-2.125814,-0.66852,-0.659211,-0.833378,-0.235212,0.741191,-0.936788,-0.165871,-0.695592,-1.741718,-0.688194,0.822333,-1.642797,-0.396676,-0.829174,-1.825506,-0.732843,0.672524,-1.798014,-0.716321
-0.765196,-2.162893,-0.836682,0.699931,-2.159866,-0.817054,-0.659629,-0.83122,-0.235932,0.736337,-0.926869,-0.164302,-0.705066,-1.739051,-0.685817,0.763121,-1.67985,-0.517118,-0.860131,-1.817236,-0.771347,0.602771,-1.794188,-0.788985
-0.746236,-2.158773,-0.850465,0.69442,-2.169289,-0.841696,-0.659177,-0.82771,-0.241314,0.725659,-0.908974,-0.170453,-0.710775,-1.737079,-0.68625,0.755858,-1.680669,-0.524682,-0.672518,-1.908562,-0.934829,0.586821,-1.81319,-0.804632
-0.655424,-2.159271,-0.843655,0.757137,-2.086822,-0.755152,-0.65984,-0.828195,-0.241784,0.72135,-0.903139,-0.171437,-0.704052,-1.736198,-0.689601,0.768824,-1.59314,-0.483951,-0.535915,-1.847842,-0.868509,0.603598,-1.750754,-0.768611
-0.641831,-2.136779,-0.839769,0.757885,-2.082388,-0.760279,-0.660614,-0.829532,-0.242673,0.718828,-0.900049,-0.172028,-0.693385,-1.734985,-0.696691,0.77125,-1.583128,-0.477625,-0.509285,-1.917193,-0.909015,0.602904,-1.729467,-0.763113
-0.68361,-2.151197,-0.825483,0.662314,-2.18891,-0.869994,-0.661689,-0.830357,-0.244395,0.716274,-0.89529,-0.171131,-0.693623,-1.736943,-0.697261,0.729661,-1.70083,-0.563055,-0.521171,-1.912069,-0.88399,0.564965,-1.824177,-0.826194
-0.679738,-2.15487,-0.808332,0.667616,-2.193492,-0.859475,-0.662263,-0.830795,-0.245484,0.715028,-0.89385,-0.169872,-0.694518,-1.738243,-0.697516,0.72958,-1.701604,-0.562416,-0.530667,-1.90189,-0.873336,0.57528,-1.795497,-0.812124
-0.842783,-2.018089,-0.699534,0.663901,-2.189693,-0.868371,-0.663338,-0.83036,-0.24573,0.714412,-0.892667,-0.168647,-0.695505,-1.738559,-0.696451,0.730663,-1.701628,-0.559575,-0.736324,-1.821505,-0.904328,0.570898,-1.807483,-0.817013
-0.666567,-2.112381,-0.865757,0.66538,-2.177625,-0.859093,-0.663492,-0.83023,-0.246238,0.713443,-0.890575,-0.167562,-0.694987,-1.738489,-0.696081,0.733173,-1.695399,-0.552824,-0.514606,-1.892293,-0.88209,0.574696,-1.797807,-0.811368
-0.667104,-2.128108,-0.868421,0.667339,-2.177802,-0.856953,-0.663739,-0.830187,-0.246295,0.712911,-0.889622,-0.166848,-0.695085,-1.738702,-0.695692,0.733196,-1.697274,-0.553153,-0.5151,-1.891512,-0.881704,0.569219,-1.809279,-0.818162
