-0.602154,-1.919398,-0.711764,0.578799,-1.936141,-0.881302,-0.626132,-0.765778,-0.076951,0.620721,-0.787734,-0.312515,-0.603381,-1.497851,-0.525259,0.648725,-1.483447,-0.69768,-0.47115,-1.645698,-0.740995,0.437502,-1.696215,-0.879899
-0.60206,-1.918507,-0.713227,0.596927,-1.950422,-0.875277,-0.625281,-0.764999,-0.078268,0.62115,-0.788859,-0.312191,-0.603525,-1.497821,-0.52545,0.630555,-1.540277,-0.725096,-0.469693,-1.664563,-0.746302,0.431188,-1.713257,-0.886755
-0.600938,-1.919225,-0.71382,0.59784,-1.951191,-0.873761,-0.62615,-0.769029,-0.078375,0.62164,-0.790157,-0.311765,-0.604152,-1.501396,-0.527058,0.628152,-1.543319,-0.722133,-0.470345,-1.657201,-0.742199,0.431416,-1.713157,-0.884661
-0.612201,-1.90468,-0.696738,0.597779,-1.953897,-0.867197,-0.625415,-0.769837,-0.080473,0.621707,-0.790388,-0.311557,-0.60399,-1.502999,-0.5278,0.626522,-1.54462,-0.719849,-0.478201,-1.706359,-0.747716,0.431103,-1.71434,-0.886707
-0.612708,-1.906796,-0.694629,0.577418,-1.937167,-0.887341,-0.626717,-0.775225,-0.080043,0.622133,-0.790734,-0.311169,-0.604427,-1.507436,-0.52984,0.650506,-1.472106,-0.68911,-0.60887,-1.705083,-0.789752,0.43693,-1.689676,-0.8768
-0.603555,-1.925794,-0.701902,0.566539,-1.941015,-0.882611,-0.62681,-0.778914,-0.080772,0.622499,-0.791115,-0.310623,-0.604328,-1.511175,-0.531594,0.637705,-1.49431,-0.692026,-0.477484,-1.650955,-0.738264,0.436077,-1.686885,-0.87449
-0.610904,-1.92469,-0.693736,0.563104,-1.954934,-0.873663,-0.624623,-0.788869,-0.087324,0.622214,-0.790295,-0.309322,-0.604222,-1.521516,-0.537697,0.634988,-1.494872,-0.687287,-0.478155,-1.657061,-0.736998,0.425592,-1.728464,-0.885448
-0.60984,-1.926448,-0.691669,0.578127,-1.936135,-0.875921,-0.623971,-0.795416,-0.092729,0.621622,-0.79124,-0.30935,-0.605904,-1.529639,-0.541121,0.653848,-1.470943,-0.660716,-0.481198,-1.652982,-0.736353,0.44253,-1.697282,-0.872025
-0.621895,-1.915871,-0.703883,0.683257,-1.981752,-0.891325,-0.6223,-0.801798,-0.099916,0.621823,-0.79282,-0.309568,-0.603717,-1.537052,-0.546802,0.68752,-1.552927,-0.675061,-0.481643,-1.65138,-0.73654,0.700456,-1.724433,-0.910676
-0.619595,-1.918541,-0.694872,0.914335,-1.826311,-0.93384,-0.623373,-0.804509,-0.10129,0.631742,-0.796627,-0.319319,-0.612065,-1.54796,-0.534709,0.74358,-1.431479,-0.660276,-0.484593,-1.658807,-0.735696,0.841783,-1.619034,-1.003143
-0.631147,-1.962938,-0.720044,1.231646,-1.632168,-1.181166,-0.63244,-0.817668,-0.106394,0.713704,-0.792152,-0.365824,-0.619937,-1.57752,-0.554275,0.966487,-1.249229,-0.793561,-0.488492,-1.706782,-0.756119,0.974898,-1.397281,-1.183006
-0.627523,-1.953447,-0.714724,1.459385,-1.108615,-1.283529,-0.63229,-0.807065,-0.107322,0.814884,-0.686752,-0.419117,-0.630824,-1.559898,-0.555279,1.205503,-0.972897,-1.000498,-0.488606,-1.6898,-0.755113,1.219599,-1.044319,-1.301129
-0.615969,-1.932206,-0.719786,1.688584,-0.556135,-1.509829,-0.624737,-0.790877,-0.117202,0.8912,-0.514535,-0.43612,-0.651507,-1.491446,-0.553408,1.290662,-0.593365,-0.945029,-0.490354,-1.755313,-0.7714,1.402538,-0.56071,-1.378498
-0.60018,-1.922495,-0.726174,1.723262,0.033543,-1.570406,-0.620868,-0.787152,-0.123191,1.047907,-0.402815,-0.564485,-0.643194,-1.466746,-0.551475,1.46037,-0.17996,-1.09615,-0.484862,-1.67512,-0.75935,1.489729,-0.115668,-1.372808
-0.597484,-1.900672,-0.718079,1.64703,0.575057,-1.395539,-0.618545,-0.777144,-0.121213,1.106794,-0.211938,-0.606018,-0.629765,-1.435924,-0.541042,1.459979,0.261275,-1.084877,-0.477435,-1.643838,-0.755643,1.47456,0.229391,-1.349791
-0.610234,-1.894498,-0.705578,1.472954,0.969975,-1.195498,-0.617718,-0.774107,-0.119337,1.077198,-0.000149,-0.560341,-0.612467,-1.499384,-0.546929,1.362244,0.52852,-0.996769,-0.472354,-1.648711,-0.755671,1.453382,0.694962,-1.249088
-0.605133,-1.890462,-0.691704,1.265789,1.231642,-1.013036,-0.615508,-0.767192,-0.110465,1.074143,0.143118,-0.57374,-0.605839,-1.484704,-0.533684,1.236498,0.771823,-0.895387,-0.469664,-1.639992,-0.743668,1.291133,0.837866,-1.071497
-0.605855,-1.879694,-0.687781,1.050333,1.381115,-0.863971,-0.614998,-0.767364,-0.108359,1.029527,0.219177,-0.553444,-0.609808,-1.477292,-0.520838,1.084984,0.932988,-0.793114,-0.475922,-1.640682,-0.730069,1.18597,1.194785,-0.823349
-0.60255,-1.869901,-0.689032,0.850202,1.445173,-0.746731,-0.614643,-0.771358,-0.101866,0.965648,0.297026,-0.519693,-0.611587,-1.474423,-0.511666,0.983171,0.939345,-0.728244,-0.476575,-1.626219,-0.720585,1.003065,1.275931,-0.741933
-0.602734,-1.878246,-0.689146,0.696092,1.494105,-0.668723,-0.616929,-0.794697,-0.104749,0.926562,0.37045,-0.504671,-0.613082,-1.497076,-0.521471,0.890459,0.98579,-0.66391,-0.476143,-1.632798,-0.725604,0.753944,1.134247,-0.564931
-0.605011,-1.881772,-0.710525,0.56636,1.538979,-0.615319,-0.61649,-0.75127,-0.076299,0.892195,0.448469,-0.502232,-0.61284,-1.454943,-0.498304,0.804907,1.02434,-0.631876,-0.48171,-1.626136,-0.718692,0.644124,1.197409,-0.514394
-0.606607,-1.896437,-0.708044,0.434779,1.588713,-0.576235,-0.616077,-0.754698,-0.075933,0.872947,0.46843,-0.503662,-0.61284,-1.457264,-0.502484,0.618032,1.212241,-0.573076,-0.479367,-1.641861,-0.729967,0.534373,1.254954,-0.474857
-0.629581,-1.843319,-0.711342,0.351536,1.611161,-0.538179,-0.615553,-0.75356,-0.076088,0.8545,0.49546,-0.511636,-0.621239,-1.383656,-0.488808,0.568318,1.231517,-0.572347,-0.476676,-1.564117,-0.728116,0.465879,1.272014,-0.470905
-0.627891,-1.897384,-0.728241,0.30703,1.607104,-0.540345,-0.616163,-0.770944,-0.083711,0.837414,0.518075,-0.516847,-0.616557,-1.437029,-0.52141,0.612351,1.104185,-0.580598,-0.476153,-1.605965,-0.738911,0.456781,1.260014,-0.441728
-0.617519,-1.915597,-0.734945,0.271729,1.617371,-0.505374,-0.61561,-0.768101,-0.083671,0.825281,0.529145,-0.520706,-0.615652,-1.452466,-0.532247,0.556058,1.178772,-0.57182,-0.474747,-1.689299,-0.757738,0.41235,1.280286,-0.465119
-0.619177,-1.931475,-0.731559,0.271559,1.614641,-0.517872,-0.618192,-0.766968,-0.081499,0.825525,0.534513,-0.523367,-0.61784,-1.466818,-0.537795,0.573487,1.140769,-0.580622,-0.47505,-1.666143,-0.754584,0.404295,1.287395,-0.452061
-0.622,-1.936293,-0.727486,0.276249,1.612703,-0.525898,-0.619131,-0.783923,-0.089933,0.826051,0.537343,-0.52357,-0.618636,-1.471487,-0.537527,0.580385,1.132806,-0.582991,-0.474876,-1.673495,-0.756015,0.443819,1.265952,-0.440238
-0.635051,-1.922667,-0.74688,0.301852,1.609633,-0.543926,-0.620868,-0.79678,-0.09584,0.828831,0.533784,-0.525753,-0.62475,-1.45784,-0.526683,0.590219,1.123205,-0.588373,-0.476737,-1.666277,-0.753526,0.462121,1.249562,-0.503038
-0.627706,-1.943866,-0.729634,0.367418,1.607613,-0.571348,-0.622612,-0.804329,-0.100661,0.836255,0.523249,-0.532644,-0.63047,-1.475428,-0.535904,0.638695,1.095855,-0.610003,-0.477116,-1.673908,-0.757552,0.51681,1.249579,-0.51755
-0.633285,-1.942031,-0.745523,0.494945,1.613341,-0.62692,-0.623584,-0.806683,-0.10275,0.845044,0.504824,-0.541352,-0.63237,-1.479533,-0.538711,0.680393,1.215566,-0.645395,-0.477289,-1.676188,-0.759075,0.570659,1.282631,-0.581005
-0.640929,-1.936508,-0.739344,0.70932,1.599407,-0.707437,-0.625764,-0.826192,-0.120863,0.867054,0.448069,-0.566828,-0.631907,-1.474111,-0.537063,0.803264,1.213132,-0.704793,-0.477231,-1.666645,-0.754932,0.692047,1.304942,-0.712254
-0.640286,-1.916631,-0.756968,0.967933,1.435943,-0.860036,-0.626316,-0.821999,-0.125693,0.911085,0.335057,-0.609842,-0.632814,-1.463554,-0.534719,0.992121,0.90599,-0.825441,-0.481633,-1.646918,-0.757374,0.886471,1.178387,-0.828394
-0.631115,-1.904069,-0.749654,1.252532,1.249082,-1.053649,-0.621648,-0.812753,-0.123755,0.981757,0.220443,-0.665166,-0.625704,-1.451581,-0.5339,1.173417,0.818306,-0.95118,-0.474689,-1.649813,-0.761415,1.082185,0.935335,-1.086848
-0.652762,-1.894377,-0.753474,1.481769,0.903155,-1.28543,-0.631528,-0.8056,-0.104219,1.009207,-0.018711,-0.636711,-0.635126,-1.438329,-0.509796,1.32929,0.548259,-1.085211,-0.48416,-1.614106,-0.756753,1.244336,0.678044,-1.277365
-0.624513,-1.931016,-0.742057,1.588345,0.426384,-1.57116,-0.632882,-0.80629,-0.1079,1.052103,-0.193923,-0.678039,-0.63265,-1.4539,-0.522979,1.406145,0.16406,-1.183297,-0.478755,-1.650437,-0.764419,1.322942,0.300367,-1.464778
-0.633401,-1.952911,-0.728872,1.641977,-0.117691,-1.624625,-0.634884,-0.808302,-0.106749,1.008857,-0.381682,-0.604764,-0.63471,-1.471492,-0.526984,1.389573,-0.267673,-1.193047,-0.478806,-1.681253,-0.769434,1.343654,-0.113601,-1.593711
-0.627471,-1.980498,-0.746002,1.579381,-0.667747,-1.518252,-0.635477,-0.808809,-0.103167,0.930636,-0.58174,-0.536872,-0.637529,-1.485764,-0.528626,1.33363,-0.665095,-1.135172,-0.477969,-1.694766,-0.76763,1.323474,-0.578244,-1.509629
-0.606315,-1.995398,-0.749213,1.445396,-1.148372,-1.375747,-0.633543,-0.807858,-0.102392,0.846628,-0.645316,-0.463842,-0.646682,-1.571359,-0.553472,1.155957,-0.990756,-0.94147,-0.485597,-1.730156,-0.763581,1.26344,-1.000986,-1.375259
-0.604151,-1.999912,-0.74402,1.315868,-1.590989,-1.295837,-0.63154,-0.806935,-0.098236,0.765852,-0.799155,-0.429028,-0.631027,-1.528317,-0.546867,1.083288,-1.193684,-0.869427,-0.476868,-1.726091,-0.772913,1.240166,-1.404978,-1.32805
-0.600267,-2.024907,-0.742616,1.052258,-1.945994,-1.013531,-0.630316,-0.817093,-0.102451,0.754399,-0.82906,-0.422109,-0.620739,-1.529801,-0.552472,0.983126,-1.502711,-0.798083,-0.47312,-1.751053,-0.782755,1.031132,-1.651586,-1.07315
-0.601534,-2.034429,-0.735881,0.909088,-2.090162,-0.878029,-0.632985,-0.820786,-0.100322,0.740202,-0.848079,-0.409975,-0.623059,-1.534838,-0.55212,0.890325,-1.599848,-0.739883,-0.47573,-1.751359,-0.781344,0.93194,-1.802452,-0.933111
-0.596056,-2.040274,-0.736479,0.790868,-2.137612,-0.812103,-0.634573,-0.826101,-0.099598,0.729393,-0.850289,-0.395132,-0.623309,-1.537173,-0.553897,0.823898,-1.612144,-0.710929,-0.479116,-1.749856,-0.781343,0.627571,-1.850237,-0.970567
-0.60385,-2.039361,-0.742028,0.721417,-2.142314,-0.791858,-0.626339,-0.785522,-0.088697,0.719454,-0.84464,-0.385999,-0.621847,-1.532706,-0.555936,0.789727,-1.593276,-0.693736,-0.477118,-1.73764,-0.773875,0.585148,-1.842765,-0.96433
-0.600468,-2.04026,-0.746829,0.721606,-2.129386,-0.784621,-0.627607,-0.801445,-0.094019,0.715979,-0.844257,-0.382928,-0.621422,-1.534909,-0.558404,0.783279,-1.605557,-0.694004,-0.481035,-1.753826,-0.779591,0.573225,-1.827614,-0.951921
-0.599023,-2.041014,-0.743879,0.683072,-2.057258,-0.876625,-0.627087,-0.782836,-0.089213,0.713165,-0.841832,-0.380661,-0.622266,-1.536001,-0.559954,0.77201,-1.625727,-0.70392,-0.480242,-1.753299,-0.781058,0.559023,-1.805556,-0.941522
-0.60586,-2.041807,-0.751437,0.641053,-2.043798,-0.926426,-0.627414,-0.775064,-0.086805,0.711049,-0.84077,-0.38014,-0.621743,-1.533029,-0.560841,0.767883,-1.622785,-0.705458,-0.482673,-1.759971,-0.780764,0.54555,-1.740277,-0.925916
-0.598808,-2.045382,-0.743415,0.636955,-2.037608,-0.94009,-0.627936,-0.787466,-0.093836,0.708123,-0.839137,-0.380077,-0.621592,-1.534049,-0.561469,0.763752,-1.618843,-0.706606,-0.481722,-1.753694,-0.779874,0.531935,-1.802049,-0.952271
-0.597067,-2.044772,-0.749171,0.63285,-2.043728,-0.941722,-0.629119,-0.797253,-0.097869,0.706809,-0.838946,-0.379637,-0.622136,-1.536166,-0.56219,0.761107,-1.610644,-0.704541,-0.478283,-1.755859,-0.788825,0.537258,-1.744641,-0.933751
-0.599953,-2.047203,-0.748873,0.6378,-2.052106,-0.931465,-0.631967,-0.809864,-0.100143,0.706302,-0.840258,-0.379029,-0.623786,-1.535278,-0.560666,0.759368,-1.611837,-0.705687,-0.48368,-1.759531,-0.784038,0.532502,-1.794227,-0.954194
-0.601177,-2.048928,-0.748189,0.637879,-2.051216,-0.930526,-0.631356,-0.784828,-0.091505,0.705249,-0.840106,-0.380166,-0.623603,-1.53735,-0.563538,0.759968,-1.612103,-0.706625,-0.480207,-1.763799,-0.786092,0.534522,-1.753496,-0.937118
-0.610478,-2.026137,-0.753772,0.640396,-2.053513,-0.926809,-0.631667,-0.804908,-0.101345,0.704616,-0.839795,-0.381611,-0.616485,-1.507718,-0.553911,0.759937,-1.608317,-0.70782,-0.597286,-1.75441,-0.832327,0.534487,-1.768221,-0.939809
