-0.590645,-1.873787,-0.818435,0.595388,-1.830212,-0.7806,-0.71849,-0.810169,-0.307241,0.669428,-0.825761,-0.14233,-0.682478,-1.509513,-0.67291,0.6527,-1.469391,-0.560619,-0.789081,-1.708384,-0.747419,0.739515,-1.634102,-0.75316
-0.594591,-1.867765,-0.820694,0.593799,-1.832476,-0.776863,-0.718252,-0.80991,-0.306093,0.668199,-0.825545,-0.141543,-0.682189,-1.508379,-0.671636,0.651277,-1.468315,-0.559804,-0.788779,-1.707831,-0.746729,0.739558,-1.655761,-0.755526
-0.591536,-1.867834,-0.824263,0.594881,-1.833153,-0.779493,-0.718251,-0.81094,-0.306568,0.669275,-0.82667,-0.142063,-0.682375,-1.509415,-0.672477,0.652162,-1.470146,-0.561036,-0.78906,-1.709902,-0.747954,0.742174,-1.644206,-0.748051
-0.59211,-1.866364,-0.823039,0.594133,-1.830162,-0.774775,-0.717962,-0.810206,-0.30528,0.667646,-0.825953,-0.141147,-0.68218,-1.507445,-0.670771,0.650556,-1.468045,-0.559364,-0.788858,-1.70921,-0.747891,0.739177,-1.645806,-0.750669
-0.590998,-1.870526,-0.82162,0.586949,-1.832738,-0.777935,-0.718077,-0.810512,-0.305012,0.667546,-0.826496,-0.141291,-0.681567,-1.508976,-0.670561,0.650168,-1.468942,-0.559697,-0.788874,-1.713951,-0.749666,0.740131,-1.645337,-0.747872
-0.595793,-1.869648,-0.820368,0.591367,-1.836214,-0.772652,-0.71815,-0.811589,-0.305137,0.668892,-0.828097,-0.14189,-0.682204,-1.509845,-0.671026,0.651299,-1.470343,-0.560249,-0.789254,-1.710902,-0.748388,0.740186,-1.644872,-0.752083
-0.596028,-1.867686,-0.821822,0.588892,-1.832916,-0.775361,-0.717967,-0.811184,-0.304639,0.667822,-0.827832,-0.141859,-0.682268,-1.508137,-0.669978,0.650078,-1.469184,-0.559596,-0.789084,-1.709006,-0.748142,0.740263,-1.648947,-0.750004
-0.598665,-1.866339,-0.817383,0.584323,-1.833333,-0.771628,-0.717736,-0.810642,-0.303196,0.665943,-0.826932,-0.141008,-0.682295,-1.506007,-0.668074,0.648034,-1.46747,-0.558168,-0.788756,-1.706795,-0.746689,0.738222,-1.648478,-0.748181
-0.587035,-1.873643,-0.816504,0.586555,-1.833785,-0.772904,-0.71793,-0.810304,-0.302234,0.665835,-0.82706,-0.141049,-0.681755,-1.507458,-0.667936,0.647618,-1.467782,-0.558081,-0.788787,-1.706129,-0.745816,0.731983,-1.64121,-0.754185
-0.591976,-1.871274,-0.817735,0.587867,-1.831815,-0.774076,-0.717922,-0.811004,-0.3025,0.666249,-0.827827,-0.14132,-0.682021,-1.508439,-0.668099,0.648029,-1.46842,-0.558561,-0.789011,-1.705444,-0.743917,0.738609,-1.649654,-0.749011
-0.594844,-1.866309,-0.817777,0.583063,-1.831608,-0.774014,-0.717699,-0.810103,-0.301363,0.664409,-0.82708,-0.140581,-0.681595,-1.507181,-0.666604,0.64581,-1.466647,-0.557356,-0.78845,-1.701299,-0.742484,0.736272,-1.647483,-0.7485
-0.597986,-1.86211,-0.8174,0.584259,-1.827839,-0.771878,-0.717593,-0.809537,-0.300442,0.663394,-0.826449,-0.139919,-0.681699,-1.505812,-0.665343,0.644516,-1.465597,-0.556298,-0.788688,-1.699253,-0.738177,0.729248,-1.638909,-0.752209
-0.598264,-1.860877,-0.816721,0.599206,-1.787766,-0.773674,-0.717717,-0.808845,-0.299108,0.66247,-0.825846,-0.139341,-0.681715,-1.50481,-0.664404,0.643416,-1.46464,-0.555595,-0.788678,-1.700938,-0.739923,0.725544,-1.627839,-0.749362
-0.600633,-1.862971,-0.819095,0.611806,-1.752282,-0.769958,-0.718085,-0.810126,-0.299784,0.664076,-0.827114,-0.139985,-0.682363,-1.506818,-0.665391,0.643954,-1.467306,-0.556994,-0.788658,-1.70361,-0.742177,0.723639,-1.605629,-0.746545
-0.598676,-1.862025,-0.809541,0.614725,-1.731935,-0.769943,-0.717825,-0.808353,-0.298947,0.661432,-0.825893,-0.139502,-0.682102,-1.504104,-0.66378,0.640238,-1.464897,-0.554443,-0.788754,-1.693745,-0.735826,0.659009,-1.571652,-0.806709
-0.600588,-1.8588,-0.812726,0.602359,-1.715853,-0.768042,-0.718105,-0.807847,-0.29756,0.659194,-0.826255,-0.137826,-0.682679,-1.50219,-0.661823,0.636146,-1.46416,-0.546836,-0.79115,-1.702942,-0.739481,0.630058,-1.569969,-0.818341
-0.610116,-1.868585,-0.814661,0.606819,-1.720327,-0.750798,-0.720531,-0.809878,-0.302068,0.657123,-0.831502,-0.136432,-0.685178,-1.510089,-0.669226,0.63102,-1.466634,-0.521916,-0.797654,-1.691024,-0.749564,0.585028,-1.580151,-0.890352
-0.611991,-1.867565,-0.828465,0.657122,-1.729369,-0.714458,-0.724841,-0.810892,-0.306006,0.651686,-0.836085,-0.125283,-0.688814,-1.513621,-0.673591,0.643406,-1.456284,-0.479956,-0.80583,-1.699665,-0.75852,0.750937,-1.646354,-0.767711
-0.624179,-1.878378,-0.841505,0.83973,-1.706619,-0.661606,-0.733439,-0.814669,-0.316187,0.657017,-0.847927,-0.097425,-0.693634,-1.521858,-0.683367,0.763236,-1.466769,-0.419788,-0.817938,-1.712505,-0.777957,0.873554,-1.508934,-0.733923
-0.611717,-1.899861,-0.862896,1.146276,-1.617117,-0.599592,-0.741349,-0.820247,-0.331321,0.686029,-0.840801,-0.033564,-0.697504,-1.534751,-0.698097,1.013891,-1.394287,-0.328504,-0.81703,-1.730034,-0.805522,1.198494,-1.396185,-0.770331
-0.5993,-1.907568,-0.879384,1.506747,-1.417409,-0.472896,-0.746309,-0.820806,-0.346633,0.749846,-0.807539,0.043515,-0.695288,-1.541228,-0.713485,1.245647,-1.234804,-0.221688,-0.811162,-1.740719,-0.803289,1.488797,-1.248,-0.39926
-0.579456,-1.901689,-0.89751,1.848362,-1.116239,-0.279728,-0.745915,-0.815767,-0.35817,0.878618,-0.733548,0.118163,-0.683045,-1.541657,-0.734455,1.50725,-0.99673,-0.095596,-0.796224,-1.740472,-0.817,1.77423,-0.909603,-0.238794
-0.56104,-1.883833,-0.917848,2.119884,-0.7361,-0.051612,-0.744518,-0.807439,-0.377579,1.006048,-0.609488,0.162164,-0.66347,-1.5389,-0.758341,1.672516,-0.714278,0.039445,-0.771187,-1.724719,-0.83302,1.964161,-0.57335,-0.025848
-0.542532,-1.863037,-0.926518,2.226215,-0.357261,0.10986,-0.739651,-0.795508,-0.391579,1.100233,-0.441427,0.192565,-0.644365,-1.532072,-0.771589,1.768011,-0.458707,0.119954,-0.755359,-1.739266,-0.849408,2.042354,-0.230056,0.116335
-0.502265,-1.786293,-0.891538,2.187325,-0.054734,0.180827,-0.69797,-0.763114,-0.380266,1.136486,-0.281113,0.214452,-0.601286,-1.469087,-0.742213,1.771971,-0.205916,0.179899,-0.709242,-1.667418,-0.815091,1.994528,0.058844,0.175029
-0.499633,-1.780896,-0.896067,2.175462,0.207313,0.214469,-0.700313,-0.761371,-0.387264,1.171668,-0.173927,0.222956,-0.600476,-1.464667,-0.751416,1.782646,0.002148,0.194032,-0.703393,-1.644544,-0.83342,1.96704,0.298973,0.20334
-0.489252,-1.733388,-0.900542,2.041501,0.350408,0.137583,-0.688311,-0.749824,-0.410361,1.128656,-0.111548,0.175492,-0.590185,-1.428565,-0.763825,1.68265,0.149806,0.14591,-0.688875,-1.611311,-0.833428,1.834925,0.432806,0.150639
-0.458328,-1.680656,-0.868724,1.943661,0.442786,0.074037,-0.656453,-0.727025,-0.39841,1.109554,-0.052563,0.157502,-0.559922,-1.385895,-0.742569,1.636202,0.221448,0.125648,-0.652379,-1.564195,-0.814329,1.752719,0.531925,0.120482
-0.447322,-1.650093,-0.848134,1.877434,0.507392,0.031568,-0.638009,-0.712266,-0.387508,1.102927,-0.011197,0.140252,-0.541209,-1.360984,-0.72962,1.600171,0.301727,0.094777,-0.633953,-1.531919,-0.797159,1.698472,0.552924,0.124374
-0.453248,-1.626484,-0.833756,1.834033,0.530014,-0.003111,-0.6263,-0.703598,-0.379106,1.088509,0.010873,0.123389,-0.532683,-1.344765,-0.71642,1.583387,0.317355,0.079196,-0.627587,-1.500712,-0.786091,1.666886,0.582336,0.091897
-0.469974,-1.629009,-0.819269,1.847532,0.524597,-0.005665,-0.628755,-0.704628,-0.373442,1.086734,0.015122,0.118436,-0.540121,-1.344209,-0.708146,1.581001,0.321335,0.073779,-0.640774,-1.500254,-0.780984,1.665122,0.567273,0.036914
-0.486658,-1.631117,-0.81238,1.852145,0.508218,0.003009,-0.633083,-0.706544,-0.368215,1.088287,0.016054,0.116907,-0.553344,-1.341898,-0.698932,1.582615,0.319017,0.073014,-0.65479,-1.499038,-0.773151,1.688319,0.559614,0.029475
-0.497597,-1.636088,-0.806754,1.883513,0.4502,0.016297,-0.636398,-0.710597,-0.363952,1.091313,0.012078,0.115552,-0.564019,-1.339362,-0.689674,1.598771,0.277061,0.067068,-0.666154,-1.493854,-0.760175,1.729768,0.559783,0.056708
-0.504789,-1.639945,-0.802112,1.926515,0.34622,0.015166,-0.637905,-0.713698,-0.362637,1.081296,-0.034795,0.11638,-0.569601,-1.337921,-0.68523,1.602417,0.203299,0.069818,-0.669802,-1.509485,-0.760835,1.763871,0.454685,0.046153
-0.49908,-1.645248,-0.80046,1.97199,0.183133,0.0174,-0.639526,-0.716708,-0.360614,1.077265,-0.099265,0.117698,-0.574004,-1.34195,-0.682636,1.626582,0.073753,0.059596,-0.667224,-1.515636,-0.756363,1.813301,0.307713,0.046927
-0.492775,-1.656998,-0.805496,2.014888,-0.054741,0.008886,-0.643873,-0.72197,-0.358873,1.075424,-0.170483,0.114062,-0.577588,-1.354249,-0.685424,1.652613,-0.086202,0.048753,-0.670705,-1.532096,-0.744259,1.882298,0.12175,0.014278
-0.490144,-1.676749,-0.81594,2.047782,-0.283103,-0.018643,-0.650689,-0.727756,-0.356423,1.059829,-0.279351,0.102848,-0.582127,-1.370912,-0.690986,1.653186,-0.276001,0.025909,-0.670486,-1.540609,-0.757709,1.908771,-0.11887,-0.034408
-0.498814,-1.694096,-0.826093,2.024356,-0.561319,-0.081459,-0.657744,-0.733465,-0.353233,1.045879,-0.394503,0.086955,-0.587824,-1.388335,-0.695142,1.639643,-0.49513,-0.027074,-0.67791,-1.562115,-0.754326,1.913747,-0.376869,-0.129937
-0.507834,-1.729496,-0.826755,1.931263,-0.86652,-0.182405,-0.666594,-0.747383,-0.351247,1.004894,-0.51853,0.071275,-0.595358,-1.416265,-0.700807,1.593671,-0.749254,-0.069106,-0.690545,-1.588134,-0.74396,1.794111,-0.686667,-0.266642
-0.541815,-1.784753,-0.854313,1.763328,-1.193245,-0.294859,-0.703328,-0.774929,-0.362931,0.948025,-0.643219,0.031187,-0.631303,-1.465273,-0.724033,1.480574,-0.984314,-0.141742,-0.728511,-1.641201,-0.785462,1.645171,-0.988968,-0.399425
-0.563976,-1.838601,-0.857527,1.564424,-1.451397,-0.414324,-0.726502,-0.795,-0.36248,0.883477,-0.750422,0.000399,-0.655952,-1.499203,-0.73185,1.322054,-1.22261,-0.211717,-0.76165,-1.681308,-0.78823,1.475293,-1.246101,-0.533304
-0.586499,-1.852797,-0.862687,1.304604,-1.622834,-0.524709,-0.735788,-0.803196,-0.359118,0.785884,-0.783205,-0.018693,-0.670337,-1.513108,-0.731585,1.141287,-1.319233,-0.266903,-0.780273,-1.698638,-0.792934,1.229341,-1.42444,-0.740483
-0.61116,-1.858819,-0.856754,1.085195,-1.728218,-0.598202,-0.740388,-0.81326,-0.352466,0.734058,-0.815562,-0.045959,-0.6819,-1.520112,-0.725996,0.993509,-1.404529,-0.311244,-0.796492,-1.705543,-0.78716,1.055368,-1.564439,-0.694011
-0.612767,-1.866707,-0.85613,0.907712,-1.78769,-0.628666,-0.744073,-0.818705,-0.34563,0.708666,-0.840057,-0.066204,-0.691698,-1.525855,-0.719934,0.89006,-1.455314,-0.349217,-0.808174,-1.707629,-0.779959,0.87187,-1.628982,-0.704072
-0.632373,-1.859729,-0.841256,0.777593,-1.7924,-0.66392,-0.745621,-0.813526,-0.328377,0.690795,-0.843658,-0.071224,-0.699608,-1.521268,-0.706768,0.810312,-1.463422,-0.380094,-0.814206,-1.69823,-0.767885,0.808909,-1.653231,-0.69687
-0.634949,-1.864814,-0.839906,0.698939,-1.796848,-0.672962,-0.748026,-0.815374,-0.323909,0.682236,-0.851409,-0.082182,-0.705728,-1.525556,-0.703284,0.731759,-1.470427,-0.426929,-0.821111,-1.704411,-0.760229,0.757116,-1.674576,-0.718839
-0.631711,-1.869516,-0.844269,0.637188,-1.794988,-0.702481,-0.746353,-0.817314,-0.319265,0.672614,-0.856871,-0.101127,-0.70972,-1.52701,-0.698653,0.689879,-1.481161,-0.461381,-0.818731,-1.709285,-0.757933,0.75816,-1.662761,-0.650652
-0.618717,-1.876017,-0.840585,0.613927,-1.796621,-0.725035,-0.743249,-0.819421,-0.313652,0.668064,-0.858097,-0.116784,-0.708621,-1.529486,-0.693209,0.664168,-1.488503,-0.486616,-0.809187,-1.721386,-0.740848,0.734333,-1.615568,-0.648342
-0.612352,-1.879425,-0.838121,0.60719,-1.794667,-0.739714,-0.739525,-0.81778,-0.308305,0.666966,-0.857263,-0.124563,-0.705719,-1.529866,-0.687467,0.652617,-1.494552,-0.502283,-0.801775,-1.7145,-0.74042,0.733261,-1.693018,-0.719232
-0.608394,-1.878851,-0.835506,0.516904,-1.879916,-0.724478,-0.735515,-0.814982,-0.304213,0.665493,-0.854247,-0.131133,-0.70331,-1.527801,-0.682901,0.644675,-1.495943,-0.515594,-0.804424,-1.726818,-0.745333,0.709657,-1.672039,-0.745235
-0.607001,-1.882314,-0.833793,0.515203,-1.884907,-0.726544,-0.733129,-0.813552,-0.301473,0.665278,-0.852697,-0.13636,-0.701473,-1.527005,-0.678856,0.641901,-1.493932,-0.523034,-0.802859,-1.734245,-0.748442,0.716659,-1.655713,-0.748099
