-0.588085,-2.192241,-0.959583,0.664253,-2.362707,-0.167164,-0.736038,-0.882309,-0.413919,0.604805,-1.066464,0.295103,-0.686533,-1.642666,-0.788434,0.628925,-1.93575,-0.03191,-0.55484,-1.938034,-0.996842,0.582588,-2.163105,-0.271794
-0.583955,-2.193101,-0.968013,0.716648,-2.26282,-0.123939,-0.73723,-0.886752,-0.414268,0.596956,-0.867986,0.312949,-0.687428,-1.648803,-0.790006,0.664953,-1.70162,0.136832,-0.567535,-1.928315,-1.019508,0.632578,-2.201709,-0.197463
-0.579184,-2.204152,-0.967483,0.751584,-2.33048,-0.135954,-0.73663,-0.889704,-0.415587,0.599521,-0.873418,0.320773,-0.68631,-1.652735,-0.792421,0.663509,-1.873834,0.035146,-0.549969,-1.928389,-0.985877,0.602335,-2.095194,-0.230602
-0.579067,-2.202299,-0.97198,0.875811,-2.238395,-0.055873,-0.735057,-0.891326,-0.415813,0.584693,-0.773056,0.359314,-0.684801,-1.655595,-0.793268,0.700842,-1.774731,0.103722,-0.563397,-1.943265,-1.034769,0.856003,-2.079014,-0.168877
-0.580404,-2.21667,-0.975842,1.093366,-2.056353,-0.028511,-0.735321,-0.898116,-0.418206,0.589308,-0.790222,0.368047,-0.684916,-1.665814,-0.795849,0.830655,-1.744005,0.184207,-0.562353,-1.950646,-1.030518,1.08689,-1.864063,-0.088235
-0.58673,-2.219766,-0.969693,1.354582,-1.777093,0.035706,-0.734183,-0.899475,-0.41905,0.619608,-1.047582,0.362298,-0.683852,-1.667176,-0.796208,1.023794,-1.683973,0.261038,-0.55998,-1.952067,-1.021481,1.271594,-1.620921,-0.045111
-0.582963,-2.194007,-0.962322,1.559874,-1.452998,0.163042,-0.73121,-0.886243,-0.416046,0.646943,-0.851909,0.59043,-0.681,-1.650715,-0.79084,1.125031,-1.392685,0.348124,-0.574578,-1.94187,-1.041781,1.490166,-1.280401,0.121533
-0.564604,-2.059618,-0.935234,1.693136,-1.019935,0.310908,-0.704182,-0.824234,-0.420986,0.699754,-0.926228,0.494826,-0.657012,-1.550519,-0.774984,1.374878,-1.099799,0.416228,-0.534053,-1.820314,-0.975029,1.528612,-0.882102,0.244064
-0.553614,-2.05009,-0.931977,1.841974,-0.709003,0.516053,-0.695466,-0.823128,-0.427055,0.799584,-0.847107,0.546811,-0.648298,-1.542872,-0.775797,1.48451,-0.818906,0.562531,-0.459261,-1.857791,-0.875992,1.689245,-0.576715,0.426295
-0.540065,-2.03066,-0.924682,1.983375,-0.468012,0.750467,-0.683667,-0.820238,-0.430858,0.867702,-0.736599,0.599688,-0.635902,-1.528333,-0.773317,1.525344,-0.631593,0.675374,-0.52046,-1.768467,-0.954755,1.75822,-0.38501,0.63752
-0.523938,-1.983565,-0.910057,2.057464,-0.314568,0.945,-0.668451,-0.802882,-0.42888,0.940334,-0.588521,0.63377,-0.621723,-1.495295,-0.764217,1.566208,-0.493989,0.768981,-0.435995,-1.795278,-0.868415,1.806825,-0.235688,0.804424
-0.505435,-1.959555,-0.898521,2.09234,-0.217159,1.069991,-0.655214,-0.797472,-0.426463,0.972935,-0.474445,0.637764,-0.609028,-1.476284,-0.754413,1.566423,-0.391155,0.835917,-0.461887,-1.744649,-0.905827,1.890872,-0.123637,0.937423
-0.492529,-1.9073,-0.874368,2.050718,-0.174862,1.137636,-0.64197,-0.782346,-0.423791,0.973461,-0.386186,0.619154,-0.596538,-1.436104,-0.739244,1.558282,-0.293276,0.870775,-0.438768,-1.705975,-0.861723,1.821328,-0.10764,0.964953
-0.480408,-1.870022,-0.858181,2.00137,-0.175382,1.146869,-0.631996,-0.773155,-0.419083,0.968477,-0.331259,0.602972,-0.58751,-1.411163,-0.727554,1.514945,-0.279512,0.849803,-0.475114,-1.613211,-0.871748,1.751852,-0.083315,0.979629
-0.468984,-1.83953,-0.837433,1.992959,-0.172815,1.1875,-0.623083,-0.765063,-0.413018,0.952478,-0.296047,0.582362,-0.578811,-1.388264,-0.715556,1.585955,-0.218919,0.920766,-0.445985,-1.621712,-0.848808,1.753168,-0.084035,0.982388
-0.466217,-1.827793,-0.832216,1.910649,-0.18871,1.14273,-0.617908,-0.76419,-0.408899,0.949548,-0.280189,0.572941,-0.574246,-1.380755,-0.709541,1.462645,-0.222278,0.827313,-0.465868,-1.600592,-0.867799,1.799448,-0.048513,1.063095
-0.471501,-1.82263,-0.817867,1.913915,-0.192526,1.16494,-0.614228,-0.762669,-0.405272,0.944962,-0.269858,0.565365,-0.571911,-1.376125,-0.703552,1.476948,-0.227836,0.85945,-0.435641,-1.634323,-0.834954,1.75152,-0.066645,1.021126
-0.479788,-1.818531,-0.804179,1.896288,-0.186451,1.14266,-0.612963,-0.760082,-0.401719,0.940387,-0.265708,0.559645,-0.572599,-1.373854,-0.698319,1.451201,-0.232859,0.840037,-0.456108,-1.61525,-0.840761,1.694071,-0.089591,0.98612
-0.492641,-1.828095,-0.812272,1.900568,-0.210206,1.140722,-0.614077,-0.763309,-0.401121,0.949433,-0.265978,0.563786,-0.57499,-1.381148,-0.699699,1.453953,-0.245907,0.833843,-0.481319,-1.623519,-0.863839,1.76814,-0.06662,1.049174
-0.496902,-1.831142,-0.808123,1.913879,-0.198674,1.149169,-0.614249,-0.761573,-0.400189,0.945837,-0.265534,0.560447,-0.577056,-1.378588,-0.697418,1.460487,-0.250723,0.844186,-0.463828,-1.625671,-0.831156,1.786954,-0.069447,1.067493
-0.498305,-1.830364,-0.807019,1.900593,-0.213857,1.146842,-0.614591,-0.760849,-0.398904,0.944496,-0.265358,0.558281,-0.578745,-1.377623,-0.696121,1.44483,-0.253341,0.831714,-0.48887,-1.592136,-0.849462,1.794818,-0.08138,1.070905
-0.494093,-1.829435,-0.806401,1.896572,-0.205286,1.139777,-0.614968,-0.760232,-0.397369,0.942572,-0.272147,0.556972,-0.579685,-1.37681,-0.695617,1.442823,-0.257924,0.830029,-0.46575,-1.61606,-0.835992,1.73817,-0.087577,1.014574
-0.490149,-1.825279,-0.821989,1.903624,-0.182523,1.137715,-0.615533,-0.759073,-0.396203,0.944544,-0.30252,0.563409,-0.580826,-1.375535,-0.695343,1.445888,-0.261303,0.832134,-0.453817,-1.620472,-0.82897,1.737347,-0.066494,1.011114
-0.485756,-1.83161,-0.818316,1.899917,-0.204822,1.078824,-0.616275,-0.759205,-0.390637,0.944579,-0.360062,0.581444,-0.584111,-1.380459,-0.692284,1.452629,-0.271286,0.836196,-0.473355,-1.606842,-0.842608,1.721272,-0.065258,0.994041
-0.488168,-1.876831,-0.826166,1.913205,-0.215273,1.034961,-0.626303,-0.773833,-0.3854,0.97256,-0.42597,0.626322,-0.591822,-1.413661,-0.694579,1.512613,-0.331215,0.852334,-0.492247,-1.620826,-0.868363,1.689865,-0.128649,0.920774
-0.49353,-1.934223,-0.833257,1.951086,-0.326795,0.995227,-0.639079,-0.792996,-0.378246,0.972776,-0.500179,0.653936,-0.602554,-1.457583,-0.698395,1.554104,-0.421326,0.846538,-0.488141,-1.69111,-0.863179,1.764506,-0.163462,0.897085
-0.50303,-1.975909,-0.837374,1.952474,-0.494,0.899098,-0.647239,-0.80229,-0.372306,0.919736,-0.606838,0.634373,-0.609985,-1.485514,-0.699062,1.533564,-0.542841,0.786518,-0.496868,-1.718619,-0.874889,1.78107,-0.332311,0.773598
-0.510492,-2.015216,-0.844575,1.91902,-0.747265,0.732009,-0.655785,-0.811192,-0.368576,0.889149,-0.67983,0.616913,-0.61804,-1.510572,-0.702707,1.527147,-0.803117,0.709314,-0.469281,-1.790781,-0.868501,1.779598,-0.586136,0.604464
-0.512977,-2.03626,-0.8565,1.843898,-1.03399,0.559342,-0.659129,-0.818599,-0.376399,0.870674,-0.74486,0.567195,-0.620546,-1.527558,-0.71542,1.474939,-1.027076,0.614413,-0.50749,-1.795626,-0.929003,1.667799,-0.882754,0.413199
-0.524631,-2.09509,-0.875868,1.776561,-1.323518,0.413567,-0.6739,-0.836926,-0.371688,0.753513,-0.894429,0.477041,-0.633698,-1.567815,-0.722408,1.366918,-1.195285,0.568495,-0.500921,-1.840929,-0.916248,1.582143,-1.175883,0.310496
-0.529906,-2.139855,-0.894575,1.672771,-1.637656,0.301736,-0.686026,-0.851138,-0.368209,0.768434,-0.919422,0.483987,-0.643288,-1.603071,-0.73237,1.27272,-1.429708,0.475118,-0.51559,-1.883197,-0.952779,1.478355,-1.447586,0.202049
-0.533922,-2.159302,-0.902667,1.505607,-1.911242,0.214424,-0.693214,-0.858313,-0.366443,0.771573,-0.95054,0.450657,-0.649534,-1.619601,-0.737439,1.233319,-1.732468,0.374526,-0.520168,-1.902014,-0.961048,1.39782,-1.72607,0.097277
-0.536983,-2.172062,-0.912058,1.29993,-2.119902,0.178186,-0.698703,-0.860364,-0.365995,0.757088,-0.992439,0.379246,-0.654155,-1.626278,-0.739758,1.033394,-1.687266,0.326672,-0.519246,-1.898263,-0.944596,1.24447,-1.918915,0.017467
-0.543236,-2.203732,-0.925969,1.106383,-2.272075,0.132562,-0.702907,-0.877815,-0.37265,0.747902,-1.012558,0.328294,-0.658528,-1.653703,-0.751272,0.945542,-1.810409,0.264046,-0.527596,-1.944878,-0.985192,1.094506,-2.089112,-0.049326
-0.561839,-2.258175,-0.928436,0.864448,-2.405295,0.037852,-0.712406,-0.897152,-0.373523,0.715289,-0.942321,0.283665,-0.670209,-1.691254,-0.757043,0.817253,-1.916182,0.159813,-0.536643,-1.984806,-0.977217,0.888667,-2.218637,-0.097644
-0.572798,-2.263749,-0.916161,0.791971,-2.3286,-0.04855,-0.712878,-0.899172,-0.373172,0.699637,-0.930494,0.269192,-0.675528,-1.694968,-0.755336,0.748808,-1.750035,0.144528,-0.552035,-1.994201,-0.989366,0.819356,-2.214849,-0.039154
-0.585715,-2.262361,-0.91439,0.749143,-2.335507,-0.055712,-0.714774,-0.896285,-0.367402,0.687333,-0.907767,0.266964,-0.680925,-1.693533,-0.749207,0.746685,-1.755225,0.147115,-0.515344,-2.035755,-0.901167,0.789064,-2.335261,-0.066024
-0.597495,-2.277557,-0.907389,0.699127,-2.064441,-0.007738,-0.718886,-0.900673,-0.365326,0.685361,-0.910766,0.269408,-0.687879,-1.704249,-0.745968,0.727426,-1.682615,0.159052,-0.502445,-2.054352,-0.908038,0.743206,-1.727224,0.13432
-0.602571,-2.276155,-0.902421,0.665178,-1.967731,-0.005136,-0.721131,-0.901608,-0.363777,0.674824,-0.904099,0.267315,-0.692423,-1.708995,-0.74435,0.723792,-1.676868,0.161488,-0.479347,-2.067635,-0.8735,0.733423,-1.747423,0.128165
-0.604438,-2.284284,-0.902668,0.66024,-1.984447,-0.009904,-0.724595,-0.905008,-0.362712,0.669255,-0.902917,0.268556,-0.697195,-1.71315,-0.743884,0.710686,-1.678125,0.161731,-0.538479,-2.047009,-0.917301,0.70166,-1.776838,0.108013
-0.601232,-2.284617,-0.915154,0.704516,-2.330883,-0.06227,-0.726558,-0.906238,-0.3631,0.665938,-0.907269,0.271127,-0.699081,-1.716886,-0.745954,0.707907,-1.774192,0.137516,-0.577768,-1.999496,-0.964869,0.671098,-1.90972,0.02547
-0.601785,-2.282773,-0.923002,0.653945,-1.983499,-0.007905,-0.728263,-0.907589,-0.363906,0.663029,-0.912466,0.274223,-0.700634,-1.716654,-0.750418,0.701868,-1.780065,0.138082,-0.588354,-2.012002,-1.003662,0.67855,-1.884624,0.044603
-0.600857,-2.319989,-0.938609,0.663238,-1.961328,0.013638,-0.734089,-0.926128,-0.368494,0.673176,-0.935696,0.281029,-0.705638,-1.749693,-0.765928,0.714569,-1.81646,0.141841,-0.580819,-2.046154,-0.998621,0.69242,-1.857642,0.079534
-0.600955,-2.314352,-0.94144,0.650768,-1.966104,-0.015125,-0.734839,-0.923787,-0.369735,0.666294,-0.931916,0.280047,-0.705564,-1.743482,-0.767745,0.710191,-1.811267,0.141062,-0.58422,-2.041686,-1.012512,0.690138,-1.879353,0.065654
-0.60342,-2.332515,-0.93812,0.670944,-1.970882,0.021049,-0.736961,-0.929583,-0.371251,0.669593,-0.938106,0.282667,-0.707592,-1.754232,-0.775152,0.716883,-1.823078,0.144658,-0.59539,-2.060498,-1.034042,0.69955,-1.885535,0.075172
-0.606639,-2.354132,-0.948288,0.673595,-2.002291,-0.001624,-0.740379,-0.939463,-0.372957,0.675585,-0.950769,0.285956,-0.7102,-1.77017,-0.780063,0.726968,-1.843802,0.149277,-0.595451,-2.075163,-1.03177,0.73374,-1.856409,0.12874
-0.605711,-2.346413,-0.947066,0.675439,-2.004047,0.002574,-0.741376,-0.93977,-0.372871,0.674741,-0.952101,0.287172,-0.710739,-1.770763,-0.780204,0.72706,-1.845755,0.150434,-0.572966,-2.061486,-0.972791,0.703959,-1.892743,0.068973
-0.604194,-2.352076,-0.943071,0.663293,-2.050812,-0.061419,-0.742083,-0.941962,-0.373382,0.674309,-0.955238,0.286913,-0.711174,-1.774102,-0.781215,0.727296,-1.850028,0.149997,-0.570783,-2.061925,-0.968264,0.70387,-1.925397,0.065065
-0.603501,-2.340507,-0.940582,0.683193,-2.041285,-0.005995,-0.740933,-0.936635,-0.372317,0.669799,-0.950836,0.286048,-0.710065,-1.766102,-0.778844,0.721334,-1.841683,0.147256,-0.5816,-2.066221,-0.999774,0.71885,-1.926544,0.086538
-0.602526,-2.339804,-0.941864,0.682215,-2.04154,-0.011466,-0.741079,-0.937359,-0.372619,0.670773,-0.954273,0.287319,-0.709921,-1.767688,-0.779577,0.721892,-1.845134,0.146488,-0.570653,-2.072383,-0.984,0.717706,-1.898752,0.091791
-0.602926,-2.349431,-0.943368,0.565785,-2.022027,-0.342376,-0.742101,-0.942412,-0.373632,0.675712,-0.961095,0.290273,-0.710725,-1.775131,-0.781525,0.614757,-1.763746,-0.006701,-0.572844,-2.083042,-0.993309,0.682089,-1.996014,-0.009452
