-0.468259,-2.176484,-1.067443,0.666323,-2.383095,-0.142726,-0.697214,-0.876289,-0.462676,0.610653,-1.078618,0.267524,-0.603749,-1.630911,-0.859387,0.661359,-1.877616,-0.01167,-0.428289,-1.89507,-1.065331,0.669868,-2.195849,-0.251249
-0.466403,-2.174397,-1.061206,0.667387,-2.382483,-0.13652,-0.696393,-0.874648,-0.462391,0.610024,-1.078163,0.268288,-0.602775,-1.628856,-0.858315,0.660953,-1.876596,-0.010309,-0.449722,-1.890241,-1.090405,0.651544,-2.197564,-0.238234
-0.47147,-2.172915,-1.059098,0.62212,-2.426588,-0.196008,-0.695499,-0.873415,-0.461635,0.609323,-1.07736,0.269608,-0.601572,-1.627123,-0.856672,0.666866,-1.994798,-0.079185,-0.405037,-1.852495,-0.946042,0.579127,-2.046686,-0.252372
-0.471627,-2.179748,-1.059519,0.669083,-2.38451,-0.140039,-0.695668,-0.876566,-0.462029,0.611737,-1.08141,0.27135,-0.601739,-1.632182,-0.85752,0.66903,-1.882941,0.001246,-0.429491,-1.901261,-1.063001,0.561486,-2.021768,-0.277383
-0.474388,-2.177388,-1.057946,0.639374,-2.431511,-0.187863,-0.694917,-0.875169,-0.461647,0.610871,-1.079609,0.271769,-0.601354,-1.630297,-0.856372,0.669381,-2.000484,-0.077678,-0.431027,-1.902917,-1.063485,0.659422,-2.213022,-0.253217
-0.474547,-2.174456,-1.057515,0.664387,-2.380412,-0.136909,-0.694428,-0.873623,-0.461322,0.610326,-1.078287,0.273628,-0.601046,-1.628721,-0.854611,0.663207,-1.87743,-0.000731,-0.445993,-1.888381,-1.077396,0.585662,-2.128912,-0.245741
-0.469976,-2.170605,-1.05623,0.666741,-2.373818,-0.141498,-0.693651,-0.871796,-0.460722,0.609293,-1.07635,0.273676,-0.600257,-1.626165,-0.853042,0.660427,-1.872224,-0.008398,-0.435777,-1.895993,-1.071449,0.552275,-2.005999,-0.290181
-0.458959,-2.158763,-1.04908,0.621531,-2.409344,-0.195562,-0.69141,-0.865692,-0.459349,0.605136,-1.06955,0.272311,-0.5973,-1.61585,-0.850816,0.658058,-1.942709,-0.078856,-0.425129,-1.883588,-1.056822,0.538283,-2.011111,-0.336799
-0.434886,-2.141982,-1.050354,0.656101,-2.365784,-0.208775,-0.690962,-0.862146,-0.459478,0.60446,-1.067071,0.275046,-0.590906,-1.608033,-0.854228,0.657679,-1.911264,-0.066379,-0.3978,-1.863743,-1.069302,0.532003,-2.201742,-0.394074
-0.345635,-2.069424,-1.089363,0.724766,-2.192548,-0.393828,-0.692299,-0.844721,-0.461188,0.605069,-1.078607,0.283514,-0.555616,-1.569877,-0.874507,0.694674,-1.80662,-0.12743,-0.346407,-1.800001,-1.117847,0.828004,-1.884192,-0.361918
-0.130175,-2.014528,-1.158052,0.798354,-1.955427,-0.631933,-0.702129,-0.838274,-0.48625,0.614878,-1.120792,0.268856,-0.415695,-1.579307,-0.962787,0.778898,-1.685194,-0.348085,-0.189512,-1.737215,-1.195334,0.900496,-1.682457,-0.562827
0.055986,-1.809928,-1.287348,0.900448,-1.503267,-0.821906,-0.736684,-0.812936,-0.541474,0.602641,-1.126992,0.228679,-0.349966,-1.401812,-1.053314,0.834237,-1.43721,-0.555177,-0.034232,-1.564779,-1.311719,0.888282,-1.307689,-0.747586
0.367955,-1.510729,-1.283044,0.816648,-1.014827,-0.959072,-0.740673,-0.777067,-0.59211,0.625092,-0.891954,0.262134,-0.161062,-1.219635,-1.071337,0.764692,-1.083226,-0.585533,0.243747,-1.302347,-1.374145,0.794829,-0.869979,-0.715824
0.68506,-0.780765,-1.062241,0.466689,-0.241091,-0.864795,-0.611724,-0.645148,-0.711418,0.604226,-0.945527,0.100185,0.114978,-0.803324,-1.07957,0.529288,-0.566373,-0.793478,0.436054,-0.612713,-0.930977,0.461045,-0.292584,-0.561648
0.747705,-0.38418,-0.834134,0.196465,0.098288,-0.750119,-0.500923,-0.569571,-0.803832,0.702253,-0.902449,0.08702,0.291496,-0.504295,-1.002031,0.423485,-0.337658,-0.778818,0.416653,-0.293206,-0.801932,0.276674,-0.063879,-0.482501
0.983811,-0.060239,-0.466293,0.042558,0.306798,-0.565259,-0.451518,-0.701896,-0.867607,0.893525,-0.985396,0.03043,0.612828,-0.260196,-0.719068,0.329286,0.066014,-0.510794,0.66361,-0.424616,-0.387078,0.241942,0.049643,-0.217795
0.801623,-0.05098,-0.240727,-0.742094,0.176199,-0.025966,-0.276814,-0.679187,-0.71581,0.861221,-0.952438,0.158283,0.640613,-0.259761,-0.68016,-0.285532,-0.202107,-0.159987,0.723571,-0.183072,-0.317062,-0.172461,0.150239,0.114237
0.721707,0.198651,-0.121279,-0.723417,0.030267,-0.299999,-0.106544,-0.748248,-0.872838,1.037222,-1.087304,0.102658,0.683189,0.010893,-0.533903,-0.289913,-0.435126,-0.603016,0.681833,-0.123832,-0.560434,-0.159781,-0.093997,-0.229646
0.475266,0.05263,-0.105387,-0.678333,-0.061052,-0.491302,-0.034316,-0.842971,-1.010947,1.211296,-1.239885,0.080614,0.813168,0.045965,-0.59088,-0.204336,-0.5033,-0.863377,0.716258,-0.189949,-0.615791,-0.082994,-0.193535,-0.343832
0.533945,0.147541,0.125093,-0.442093,-0.330553,-0.611541,-0.076784,-0.734706,-0.901922,1.091474,-1.121957,0.103594,0.703058,0.089985,-0.479392,-0.026399,-0.599436,-1.024462,0.59494,-0.029859,-0.345456,0.130265,-0.281492,-0.781789
1.277576,0.026675,-0.460088,-0.457545,-0.32813,-0.606376,-0.080737,-0.738829,-0.910361,1.096861,-1.122401,0.104892,0.937225,-0.153291,-0.566837,-0.03788,-0.599298,-1.027734,1.246905,-0.012009,-0.550105,0.133593,-0.250002,-0.75693
0.516378,0.080839,-0.251703,-0.461505,-0.314889,-0.581188,-0.084074,-0.737528,-0.918352,1.104756,-1.117397,0.105382,0.646104,0.101093,-0.422473,-0.046645,-0.599614,-1.033409,0.49505,0.044434,-0.338846,0.115618,-0.274127,-0.795868
1.208655,0.143484,-0.48383,-0.476479,-0.328818,-0.600538,-0.090849,-0.738537,-0.929017,1.123078,-1.106392,0.103311,0.892273,-0.076833,-0.583208,-0.052088,-0.606013,-1.050702,1.187649,0.128833,-0.561392,0.097023,-0.257548,-0.79024
1.230711,0.11034,-0.498881,-0.498502,-0.351975,-0.639272,-0.104892,-0.749756,-0.942189,1.155502,-1.101329,0.106567,0.905492,-0.104672,-0.597649,-0.06332,-0.624925,-1.086155,1.210757,0.095924,-0.576147,0.08599,-0.258662,-0.852797
0.603842,0.283061,0.015411,-0.445164,-0.475041,-0.897233,-0.183238,-0.813279,-1.033536,1.276629,-1.16032,0.130453,0.616502,0.053204,-0.475017,0.181111,-0.466553,-1.03188,0.79527,-0.083299,-0.313104,0.23937,-0.072988,-0.627176
0.809199,0.134353,-0.335707,-0.775241,0.185498,0.1264,-0.312392,-0.616768,-0.897163,1.135497,-0.936796,0.115453,0.583068,0.012206,-0.827209,-0.173992,-0.209028,-0.200594,0.615828,-0.077914,-0.534796,-0.145498,0.230718,0.107036
0.665322,0.263362,-0.607074,0.201195,0.49042,-0.043252,-0.370993,-0.449657,-0.972992,1.069132,-0.734815,0.174718,0.381179,0.116408,-0.851716,0.629921,-0.008057,-0.342663,0.527458,0.181588,-0.80886,0.506985,-0.047163,-0.061941
0.398411,0.375193,-0.869297,0.429937,0.222405,-0.486851,-0.407106,-0.187045,-0.909818,0.893396,-0.626713,0.161339,0.105091,0.235673,-0.947711,0.582164,0.073324,-0.288003,0.086583,0.371625,-0.856194,0.486904,0.196987,-0.181307
0.154274,0.506161,-1.203653,0.781728,0.298845,-0.460457,-0.590344,-0.152331,-0.931027,0.885406,-0.606772,0.279782,-0.132341,0.312917,-1.151647,0.852406,-0.042144,-0.116619,-0.078826,0.444632,-1.192878,0.769177,0.269167,-0.238178
-0.213244,0.737257,-1.519735,1.242136,0.38941,-0.408037,-0.883989,-0.100414,-0.936152,0.88166,-0.545489,0.504333,-0.543013,0.401808,-1.388524,1.158724,0.090714,-0.047153,-0.349907,0.597479,-1.417536,1.136327,0.367451,-0.171332
-0.589054,0.824012,-1.6849,1.680287,0.336253,-0.221927,-0.9953,-0.069731,-0.899468,0.917782,-0.502141,0.514791,-0.75204,0.451604,-1.411639,1.454872,0.070223,0.098594,-0.613679,0.710956,-1.523204,1.454657,0.293906,-0.0698
-0.926452,0.847924,-1.709126,2.023638,0.213267,0.088567,-1.076187,-0.037523,-0.885758,0.949028,-0.439293,0.524431,-0.984341,0.483402,-1.42602,1.672787,0.006944,0.283328,-0.89751,0.814865,-1.474908,1.69405,0.188516,0.116986
-1.277646,0.784031,-1.79773,2.201003,0.046412,0.447202,-1.137911,0.010499,-0.874666,1.032313,-0.345877,0.528323,-1.165977,0.495796,-1.447761,1.714545,-0.117904,0.467662,-1.157048,0.817574,-1.542411,1.910116,0.0894,0.367774
-1.605594,0.773405,-1.800918,2.277345,-0.095336,0.717869,-1.148127,0.041173,-0.872252,1.018727,-0.344059,0.527214,-1.367004,0.456137,-1.454627,1.750139,-0.19427,0.60586,-1.412899,0.786919,-1.60274,2.012967,-0.018994,0.611215
-1.847088,0.6561,-1.842032,2.316732,-0.222716,0.902141,-1.154175,0.050433,-0.876008,1.023103,-0.332578,0.52975,-1.50508,0.454565,-1.492176,1.773704,-0.238184,0.699858,-1.635065,0.748941,-1.617901,2.143597,-0.097816,0.856676
-1.921675,0.456333,-1.714551,2.200923,-0.311726,1.022737,-1.108885,0.036616,-0.82868,0.991083,-0.310314,0.535286,-1.573595,0.341844,-1.423381,1.689854,-0.290492,0.7472,-1.70306,0.566762,-1.596322,1.904124,-0.225971,0.789082
-2.016251,0.277954,-1.667805,2.165834,-0.38965,1.10106,-1.088507,0.040861,-0.836632,0.97862,-0.298423,0.534334,-1.639929,0.24898,-1.401187,1.679313,-0.333887,0.804569,-1.79997,0.446805,-1.567573,2.050044,-0.266594,1.05193
-2.049705,0.206456,-1.655266,2.153589,-0.422438,1.142664,-1.102518,0.048498,-0.831114,0.97923,-0.295354,0.537623,-1.667468,0.211131,-1.406307,1.68049,-0.35558,0.840378,-1.873521,0.425569,-1.539761,2.046606,-0.297892,1.111095
-2.058804,0.192587,-1.659557,2.150278,-0.431252,1.16852,-1.112086,0.045158,-0.828076,0.977656,-0.29289,0.542115,-1.67782,0.186244,-1.404716,1.683881,-0.365564,0.872193,-1.894053,0.417746,-1.514817,2.038643,-0.299037,1.134387
-2.041395,0.195277,-1.64302,2.150301,-0.43185,1.19054,-1.073663,0.02387,-0.841684,0.966242,-0.291592,0.551176,-1.667942,0.174328,-1.384314,1.674287,-0.368571,0.890861,-1.852774,0.402961,-1.518205,2.001878,-0.286296,1.127284
-2.044984,0.211599,-1.664915,2.177906,-0.416005,1.185275,-1.072782,0.019266,-0.851604,0.967181,-0.28974,0.554076,-1.674157,0.1753,-1.392227,1.682531,-0.365609,0.899674,-1.898433,0.447714,-1.477759,2.016053,-0.278101,1.118525
-2.02105,0.236841,-1.720658,2.204568,-0.381014,1.145788,-1.075406,-0.009569,-0.848945,0.964798,-0.292586,0.556601,-1.672403,0.177085,-1.398225,1.690972,-0.357127,0.896809,-1.804128,0.417556,-1.547933,2.035787,-0.249221,1.08674
-1.931721,0.228385,-1.741325,2.184775,-0.414206,1.061633,-1.06512,-0.085196,-0.791473,0.944089,-0.32552,0.566957,-1.582948,0.136468,-1.366083,1.686109,-0.366182,0.874008,-1.755848,0.408524,-1.53803,2.010615,-0.269503,1.010283
-1.823086,0.121663,-1.795911,2.19876,-0.534867,0.928585,-1.08441,-0.135249,-0.780217,0.930856,-0.409731,0.575722,-1.544278,0.073357,-1.402574,1.679442,-0.471189,0.785813,-1.65349,0.296607,-1.602397,1.963385,-0.3936,0.832985
-1.660458,-0.107136,-1.814255,2.125108,-0.786882,0.74927,-1.045091,-0.246719,-0.678101,0.893739,-0.517906,0.566047,-1.399629,-0.143289,-1.408953,1.628481,-0.678648,0.65519,-1.541731,0.101354,-1.654224,1.816807,-0.598096,0.593054
-1.500595,-0.465854,-1.865607,1.977019,-1.087805,0.508508,-0.975858,-0.353133,-0.614205,0.856054,-0.634463,0.522685,-1.296376,-0.391174,-1.378889,1.499572,-0.917963,0.533021,-1.411205,-0.168688,-1.680326,1.77957,-0.879086,0.458616
-1.328015,-0.752733,-1.880435,1.818918,-1.424026,0.319168,-0.907718,-0.472606,-0.600428,0.830258,-0.766254,0.452222,-1.175774,-0.63589,-1.298752,1.424014,-1.18255,0.416348,-1.241196,-0.521009,-1.677827,1.694403,-1.206431,0.314352
-1.168496,-1.196986,-1.847548,1.653628,-1.818215,0.202139,-0.918235,-0.523613,-0.574171,0.730045,-0.803454,0.444956,-1.099889,-0.879254,-1.281122,1.279854,-1.439549,0.360345,-1.117899,-0.918903,-1.728791,1.426444,-1.444756,0.133131
-1.000527,-1.58998,-1.70471,1.415438,-2.159723,0.106465,-0.913353,-0.596044,-0.548137,0.784085,-1.111184,0.384508,-1.006686,-1.178609,-1.15845,1.229049,-1.787632,0.319015,-0.940699,-1.263228,-1.58929,1.368662,-1.823979,0.078134
-0.857136,-1.937892,-1.538907,1.164338,-2.428051,0.059925,-0.81352,-0.808964,-0.486114,0.763603,-1.187064,0.339642,-0.894061,-1.44,-1.107502,1.052657,-1.988892,0.264456,-0.800013,-1.591812,-1.496721,1.157163,-2.049621,-0.050235
-0.735234,-2.296996,-1.223297,0.816937,-2.644791,0.025118,-0.775152,-0.873154,-0.465927,0.651662,-1.26587,0.257171,-0.801986,-1.714955,-1.034547,0.816615,-2.217362,0.141217,-0.647339,-1.969373,-1.316479,0.906566,-2.336047,-0.137281
