-0.571739,-1.685751,-0.583232,0.525874,-1.767653,-0.752149,-0.515372,-0.694893,0.026448,0.651281,-0.765535,-0.23012,-0.595772,-1.271253,-0.257786,0.635981,-1.357455,-0.56472,-0.659582,-1.563315,-0.36907,0.429196,-1.516336,-0.76085
-0.543251,-1.742841,-0.572048,0.528325,-1.767338,-0.747648,-0.516057,-0.692535,0.027614,0.651097,-0.76487,-0.228455,-0.59108,-1.318862,-0.313459,0.636099,-1.358623,-0.562996,-0.655106,-1.547372,-0.382961,0.437157,-1.572555,-0.788019
-0.568424,-1.711046,-0.563301,0.523163,-1.765262,-0.751269,-0.51757,-0.691887,0.030797,0.649695,-0.761403,-0.220661,-0.600398,-1.286038,-0.287551,0.636739,-1.35744,-0.559997,-0.663712,-1.510244,-0.372662,0.430146,-1.548618,-0.774833
-0.590785,-1.711078,-0.54778,0.594762,-1.678439,-0.808078,-0.55165,-0.685483,0.078137,0.654346,-0.762199,-0.19281,-0.6367,-1.28519,-0.257434,0.685996,-1.314777,-0.534024,-0.720624,-1.576196,-0.371019,0.519293,-1.524632,-0.637393
-0.834886,-1.612672,-0.527383,1.033554,-1.341366,-0.966497,-0.722505,-0.621992,0.234264,0.714512,-0.681465,-0.089582,-0.834128,-1.200636,-0.176603,0.989071,-1.098536,-0.474695,-0.909076,-1.501381,-0.351521,0.948304,-1.395816,-0.94207
-0.976904,-1.543926,-0.572822,1.395799,-0.867689,-1.140296,-0.798505,-0.553542,0.187562,0.833423,-0.685206,-0.099469,-0.990748,-1.146297,-0.201993,1.206629,-0.800273,-0.594327,-1.069958,-1.470861,-0.439542,1.187784,-0.900672,-1.019126
-1.013639,-1.397851,-0.768841,1.576214,-0.227379,-1.153363,-0.921767,-0.49851,0.153822,0.924924,-0.477972,-0.243097,-1.075323,-1.040392,-0.367317,1.338157,-0.429794,-0.723514,-1.136613,-1.298751,-0.603092,1.362406,-0.41982,-1.152386
-0.835848,-1.078944,-1.105068,1.453159,0.445505,-1.11888,-0.949316,-0.431733,0.080234,0.990699,-0.292271,-0.395662,-0.982488,-0.815182,-0.688483,1.36032,0.129006,-0.869108,-0.985699,-1.068657,-0.853718,1.409342,0.161683,-1.109998
-0.605219,-0.708152,-1.36876,1.171414,0.958549,-0.890897,-0.959969,-0.385463,0.006312,0.992375,-0.121445,-0.569142,-0.810913,-0.605637,-0.780182,1.168426,0.506243,-0.823966,-0.576217,-0.800429,-1.227098,1.193483,0.848544,-1.077812
-0.310527,-0.493856,-1.369298,0.925874,1.227236,-0.708161,-0.944928,-0.414198,-0.033105,0.882118,0.053886,-0.620874,-0.616837,-0.448992,-0.847925,0.921853,0.689962,-0.804369,-0.385691,-0.594242,-1.248774,0.918327,0.939671,-0.967359
0.003789,-0.272788,-1.384169,0.605098,1.404602,-0.536677,-0.89663,-0.454922,-0.103795,0.813886,0.164406,-0.670167,-0.407003,-0.387066,-0.85246,0.681135,0.943184,-0.754074,0.033367,-0.346039,-1.305849,0.579714,1.348243,-0.77727
0.245411,-0.146152,-1.273953,0.309436,1.388602,-0.504873,-0.792863,-0.507442,-0.222185,0.555569,0.281902,-0.724623,-0.209957,-0.297071,-0.884539,0.464308,0.931703,-0.740629,0.210488,-0.294956,-1.199599,0.370823,1.179997,-0.814806
0.398912,-0.043499,-1.10433,0.117691,1.362729,-0.434054,-0.592046,-0.480279,-0.389147,0.358876,0.315619,-0.793045,0.070491,-0.231763,-0.972143,0.231564,1.030795,-0.652065,0.301107,-0.258024,-0.999243,0.121459,1.319565,-0.576269
0.461711,0.055986,-0.908754,0.018174,1.235823,-0.483285,-0.545633,-0.521369,-0.349092,0.30047,0.11498,-0.832625,0.158367,-0.126196,-0.781685,0.156312,0.81809,-0.661232,0.330221,-0.189142,-0.911619,0.096214,0.96221,-0.386623
0.284175,0.202075,-0.838967,-0.053673,1.188582,-0.361251,-0.601295,-0.549306,-0.274359,0.253397,0.137617,-0.767177,0.093629,-0.101183,-0.661554,0.055193,0.956836,-0.615024,0.419762,-0.094989,-0.589299,-0.042427,1.007348,-0.26633
0.214836,0.24281,-0.853881,-0.105648,1.084637,-0.40618,-0.608414,-0.553855,-0.250743,0.232555,0.13806,-0.759883,0.083941,-0.114608,-0.645928,0.024718,0.90604,-0.659889,0.416836,-0.100894,-0.61261,-0.078309,0.932067,-0.381147
0.205138,0.227101,-0.840786,-0.098726,1.036673,-0.582965,-0.606636,-0.546193,-0.220546,0.207647,0.14673,-0.754255,0.083445,-0.117221,-0.621878,0.021038,0.766418,-0.723437,0.416801,-0.099714,-0.59182,-0.081217,0.902957,-0.470167
0.227615,0.23819,-0.850481,-0.090344,1.034229,-0.529043,-0.606446,-0.54875,-0.198942,0.210088,0.173607,-0.787523,0.101263,-0.112758,-0.613568,0.043846,0.809093,-0.717132,0.452525,-0.083549,-0.592427,-0.072849,0.9021,-0.559778
0.230883,0.240009,-0.848065,-0.008997,1.01592,-0.529094,-0.605012,-0.546849,-0.193032,0.204671,0.175696,-0.78948,0.102448,-0.113256,-0.609084,0.041917,0.890854,-0.716038,0.454364,-0.078244,-0.592029,-0.018512,0.896212,-0.81884
0.233368,0.241005,-0.852041,0.03594,1.014239,-0.542287,-0.604936,-0.543946,-0.188935,0.201907,0.176039,-0.789904,0.101656,-0.112357,-0.605459,0.051648,0.904023,-0.713199,0.455023,-0.076166,-0.58958,-0.008569,0.920542,-0.821273
0.239615,0.233768,-0.853084,0.026838,1.017648,-0.542243,-0.605344,-0.54348,-0.187623,0.202797,0.177209,-0.79265,0.102184,-0.112606,-0.605572,0.053068,0.90601,-0.71174,0.457892,-0.075559,-0.589878,0.00047,0.917389,-0.829662
0.245108,0.208386,-0.872332,-0.056138,1.039448,-0.56989,-0.606262,-0.543613,-0.189577,0.209503,0.168786,-0.7975,0.101185,-0.114483,-0.608644,0.078149,0.803114,-0.685312,0.470917,-0.080753,-0.594406,0.171064,0.984928,-0.74284
0.302828,0.140374,-0.886284,-0.071876,0.935913,-0.638791,-0.617804,-0.552721,-0.172471,0.257381,0.041173,-0.845464,0.038852,-0.264082,-0.766338,0.122453,0.686704,-0.802366,0.43105,-0.214048,-0.75997,0.163352,0.867902,-0.797639
0.368759,-0.033812,-0.951579,-0.082912,0.731316,-0.937239,-0.683927,-0.586739,-0.149262,0.335193,-0.127783,-0.849015,-0.051741,-0.395607,-0.838312,0.056648,0.545041,-0.946002,0.416252,-0.375601,-0.932751,-0.027607,0.563569,-1.133972
0.058051,-0.794201,-1.222262,-0.122374,0.2285,-1.13441,-0.692765,-0.611229,-0.054612,0.458278,-0.405513,-0.766192,-0.230743,-0.644613,-0.880107,-0.009802,0.104477,-1.092682,0.033247,-0.915656,-0.757422,0.015873,0.159895,-1.211822
-0.190889,-1.122911,-1.238687,-0.07598,-0.415855,-1.19285,-0.730438,-0.624045,0.086579,0.662665,-0.598189,-0.421863,-0.425319,-0.885454,-0.686195,0.253664,-0.63896,-0.974652,-0.179839,-1.227111,-0.867646,-0.120524,-0.419425,-1.054996
-0.33497,-1.424703,-1.092352,0.103829,-1.066424,-1.219602,-0.729117,-0.618004,0.082578,0.718703,-0.625067,-0.318092,-0.517946,-1.082475,-0.683233,0.40293,-0.948255,-0.838882,-0.192506,-1.287117,-0.755349,0.083564,-1.158765,-0.865961
-0.458646,-1.492505,-0.942826,0.308581,-1.467798,-1.043712,-0.726725,-0.602073,0.061025,0.710356,-0.643523,-0.247561,-0.583963,-1.194013,-0.61485,0.459193,-1.247675,-0.838414,-0.274966,-1.166195,-0.657564,0.166704,-1.41629,-0.78678
-0.509506,-1.678517,-0.777747,0.460755,-1.725983,-0.90537,-0.701963,-0.604412,0.042452,0.717664,-0.701807,-0.209167,-0.658522,-1.248186,-0.439045,0.58579,-1.412624,-0.700943,-0.451919,-1.435565,-0.712983,0.358077,-1.5387,-0.828742
-0.635066,-1.651092,-0.457924,0.533948,-1.82448,-0.812468,-0.680787,-0.636908,0.036947,0.717144,-0.738285,-0.19798,-0.717255,-1.221256,-0.27794,0.644244,-1.411848,-0.629138,-0.473959,-1.358464,-0.549098,0.415006,-1.570517,-0.794571
-0.586561,-1.634863,-0.573872,0.528649,-1.843714,-0.776926,-0.629945,-0.691536,0.04479,0.71168,-0.767448,-0.183142,-0.699515,-1.275358,-0.26197,0.668809,-1.39885,-0.571227,-0.450858,-1.319082,-0.506482,0.437184,-1.557482,-0.758908
-0.623282,-1.700069,-0.533973,0.532442,-1.832977,-0.775526,-0.591773,-0.722059,0.030914,0.694363,-0.79666,-0.174417,-0.650208,-1.315227,-0.273754,0.668419,-1.390153,-0.547889,-0.512449,-1.468143,-0.541173,0.435921,-1.562331,-0.762722
-0.560528,-1.699893,-0.624005,0.532445,-1.821006,-0.786592,-0.572588,-0.723518,0.023535,0.676509,-0.822995,-0.177831,-0.634861,-1.320815,-0.283582,0.662229,-1.381489,-0.538729,-0.471031,-1.455885,-0.592258,0.498097,-1.590603,-0.79402
-0.552613,-1.704034,-0.635041,0.538122,-1.835473,-0.781061,-0.566318,-0.727131,0.023114,0.67243,-0.833876,-0.180765,-0.629398,-1.329414,-0.290506,0.659754,-1.392068,-0.536365,-0.46081,-1.448453,-0.591746,0.440789,-1.593313,-0.784202
-0.577665,-1.672237,-0.620233,0.527568,-1.835821,-0.77978,-0.565268,-0.725729,0.017957,0.666615,-0.828357,-0.186268,-0.629488,-1.3221,-0.295039,0.65032,-1.401923,-0.536537,-0.475197,-1.448799,-0.587838,0.432901,-1.574024,-0.778869
-0.571779,-1.668655,-0.624256,0.530765,-1.834431,-0.77132,-0.56411,-0.723856,0.015874,0.664605,-0.825787,-0.190126,-0.630726,-1.317762,-0.293077,0.651234,-1.389758,-0.533223,-0.46161,-1.418168,-0.564947,0.434469,-1.540209,-0.763951
-0.569962,-1.678165,-0.623173,0.517115,-1.834834,-0.780255,-0.560075,-0.722106,0.014587,0.662165,-0.821869,-0.195359,-0.629269,-1.308022,-0.293355,0.646519,-1.396238,-0.543812,-0.466931,-1.43597,-0.59309,0.430557,-1.537793,-0.767123
-0.557378,-1.684265,-0.638577,0.509574,-1.842577,-0.777962,-0.556198,-0.718625,0.015119,0.660112,-0.820236,-0.198485,-0.626541,-1.306829,-0.295947,0.641198,-1.407664,-0.551738,-0.463707,-1.421274,-0.58531,0.435727,-1.590524,-0.804166
-0.577039,-1.658432,-0.616269,0.516318,-1.825557,-0.779373,-0.552677,-0.716974,0.014888,0.657849,-0.81667,-0.201058,-0.623745,-1.308552,-0.298334,0.643508,-1.387748,-0.539963,-0.457593,-1.404709,-0.56843,0.448484,-1.591629,-0.804618
-0.541734,-1.740096,-0.629395,0.502375,-1.849165,-0.776243,-0.549834,-0.719175,0.020177,0.660898,-0.81896,-0.199434,-0.621158,-1.31565,-0.297453,0.641882,-1.416678,-0.552735,-0.465987,-1.470951,-0.625108,0.436566,-1.588336,-0.798554
-0.530856,-1.725467,-0.637262,0.523256,-1.815964,-0.779753,-0.548806,-0.715571,0.018259,0.656722,-0.813681,-0.201932,-0.620491,-1.310651,-0.298491,0.645173,-1.381899,-0.537825,-0.450828,-1.455623,-0.618001,0.430823,-1.530445,-0.766857
-0.527466,-1.734244,-0.643721,0.518446,-1.846575,-0.771216,-0.547018,-0.72171,0.022706,0.661742,-0.818626,-0.19899,-0.619562,-1.318184,-0.295763,0.64772,-1.403217,-0.54268,-0.453014,-1.450207,-0.601849,0.434816,-1.540238,-0.768113
-0.534257,-1.723451,-0.637119,0.515698,-1.839438,-0.770599,-0.547136,-0.717331,0.01972,0.656349,-0.813558,-0.202189,-0.619863,-1.312061,-0.298903,0.641736,-1.405234,-0.547566,-0.455032,-1.452138,-0.612966,0.431909,-1.607616,-0.80847
-0.531397,-1.720072,-0.643004,0.523189,-1.832779,-0.770565,-0.546118,-0.719081,0.022281,0.658238,-0.816684,-0.200754,-0.618547,-1.316559,-0.298654,0.646889,-1.396068,-0.538412,-0.442586,-1.449696,-0.608664,0.434528,-1.529488,-0.757328
-0.536366,-1.741282,-0.63625,0.526809,-1.836881,-0.77241,-0.545065,-0.721687,0.024833,0.661218,-0.820806,-0.199314,-0.617555,-1.321542,-0.298049,0.650657,-1.39942,-0.536564,-0.460452,-1.475359,-0.625423,0.433035,-1.603267,-0.794545
-0.540786,-1.733716,-0.635107,0.524472,-1.826114,-0.776021,-0.545304,-0.718004,0.020988,0.655482,-0.817292,-0.202773,-0.617781,-1.315638,-0.301462,0.646716,-1.390524,-0.537268,-0.46191,-1.469182,-0.626975,0.451905,-1.577693,-0.7911
-0.53664,-1.737673,-0.637924,0.526752,-1.828016,-0.779572,-0.544134,-0.720553,0.024097,0.65766,-0.818086,-0.200002,-0.616396,-1.321026,-0.300163,0.650602,-1.389609,-0.534326,-0.46008,-1.479419,-0.629802,0.467716,-1.582583,-0.79376
-0.530581,-1.725247,-0.648528,0.531547,-1.81787,-0.781248,-0.543791,-0.719094,0.022835,0.656171,-0.816395,-0.201266,-0.616087,-1.318251,-0.300909,0.649655,-1.385186,-0.534197,-0.46443,-1.481723,-0.637243,0.52323,-1.595262,-0.808446
-0.5324,-1.73073,-0.645055,0.528661,-1.810204,-0.782324,-0.544298,-0.714934,0.019243,0.651831,-0.811138,-0.205406,-0.616455,-1.313826,-0.304818,0.645745,-1.37844,-0.536766,-0.481257,-1.483884,-0.644137,0.451112,-1.567208,-0.795235
-0.534913,-1.734994,-0.643662,0.529572,-1.814117,-0.783364,-0.543238,-0.718079,0.021238,0.653205,-0.811695,-0.204377,-0.61605,-1.318478,-0.304047,0.64793,-1.380196,-0.535481,-0.449097,-1.449276,-0.611849,0.491492,-1.580835,-0.802692
-0.534311,-1.726375,-0.648519,0.526522,-1.807265,-0.787022,-0.54305,-0.715202,0.019455,0.650258,-0.809448,-0.207244,-0.615763,-1.314686,-0.305317,0.645188,-1.37549,-0.536404,-0.456807,-1.458889,-0.624763,0.485862,-1.572702,-0.800396
