-0.604502,-1.76375,-0.590691,0.480867,-1.892666,-0.563623,-0.68276,-0.770792,-0.092814,0.643433,-0.828026,-0.070467,-0.689278,-1.388042,-0.404605,0.584913,-1.480043,-0.416621,-0.535045,-1.544055,-0.641624,0.605533,-1.656836,-0.497628
-0.608929,-1.765876,-0.581561,0.481202,-1.894234,-0.563616,-0.682715,-0.770872,-0.092679,0.643491,-0.827946,-0.070558,-0.688707,-1.387783,-0.405056,0.58507,-1.476474,-0.414957,-0.537347,-1.541639,-0.638903,0.581484,-1.733324,-0.516617
-0.610031,-1.76287,-0.583376,0.482698,-1.896536,-0.569961,-0.683219,-0.770122,-0.091984,0.644151,-0.828731,-0.07065,-0.688606,-1.38653,-0.405145,0.586696,-1.471022,-0.412132,-0.537233,-1.542067,-0.638718,0.550955,-1.77139,-0.459287
-0.647293,-1.728475,-0.630999,0.559137,-1.896974,-0.574568,-0.68972,-0.761905,-0.102547,0.646209,-0.832443,-0.074979,-0.703377,-1.381875,-0.407827,0.60923,-1.441971,-0.398559,-0.569526,-1.527569,-0.638314,0.677829,-1.67312,-0.575047
-0.725881,-1.808705,-0.675429,0.69951,-1.89219,-0.652112,-0.712423,-0.759721,-0.156552,0.657708,-0.824413,-0.096481,-0.764887,-1.363116,-0.493454,0.719043,-1.443522,-0.483825,-0.676032,-1.545382,-0.760389,0.687225,-1.655338,-0.767135
-0.802686,-1.715992,-0.882849,0.891559,-1.732316,-0.912062,-0.741106,-0.733842,-0.232505,0.712384,-0.74612,-0.154758,-0.844133,-1.280577,-0.647722,0.869847,-1.336191,-0.645422,-0.730249,-1.445698,-0.942252,0.88962,-1.426652,-0.951448
-0.782844,-1.526204,-1.1861,1.003489,-1.303706,-1.262558,-0.76805,-0.630542,-0.275291,0.749928,-0.668932,-0.213072,-0.836666,-1.122881,-0.895777,0.937245,-1.05338,-0.79804,-0.686378,-1.260131,-1.193099,0.925883,-1.004305,-1.066558
-0.614818,-1.202644,-1.514969,0.92439,-0.697437,-1.488827,-0.762134,-0.507068,-0.365248,0.761973,-0.63323,-0.245897,-0.716272,-0.916127,-1.115517,0.915354,-0.702094,-0.920816,-0.616203,-0.936876,-1.398492,0.865452,-0.572392,-1.216657
-0.35648,-0.851653,-1.700619,0.630241,-0.121676,-1.511115,-0.754838,-0.379009,-0.551833,0.777682,-0.63412,-0.291979,-0.642607,-0.663172,-1.218693,0.737882,-0.336352,-0.995272,-0.42088,-0.621839,-1.512311,0.638114,-0.1505,-1.250737
0.038637,-0.45232,-1.704817,0.19611,0.365125,-1.419766,-0.749096,-0.357832,-0.569953,0.73056,-0.411352,-0.623903,-0.297158,-0.399962,-1.420887,0.489078,0.04649,-1.13197,-0.107744,-0.249675,-1.502869,0.283177,0.362141,-1.383679
0.403012,-0.126229,-1.427619,-0.166158,0.567311,-0.983003,-0.565761,-0.271565,-0.852904,0.585001,-0.331534,-0.700193,-0.015672,-0.158633,-1.303583,0.025079,0.36461,-0.952914,0.175964,0.034052,-1.264893,0.018939,0.340848,-0.833091
0.499383,0.046856,-0.990271,-0.393086,0.427397,-0.608838,-0.503187,-0.289489,-0.757697,0.406383,-0.310091,-0.667561,0.035828,0.003182,-1.010665,-0.060584,0.21338,-0.668761,0.232808,0.110822,-0.930018,-0.157553,0.366395,-0.672809
0.615537,0.002918,-0.543231,-0.475653,-0.320271,-0.733134,-0.302638,-0.323415,-0.716744,0.227869,-0.35164,-0.606237,0.368629,-0.058057,-0.670315,-0.327792,-0.238268,-0.915602,0.378095,0.027966,-0.658053,-0.420572,-0.245551,-0.746878
0.636264,-0.000846,-0.168768,-0.921751,-0.221906,-0.693964,-0.242459,-0.198125,-0.650353,-0.065731,-0.154202,-0.67019,0.429831,0.12039,-0.465948,-0.656269,-0.325682,-0.907732,0.43306,0.093518,-0.305036,-0.825577,-0.244325,-0.947762
0.376769,-0.588301,-0.30798,-0.560797,0.134223,0.024881,-0.218123,-0.100944,-0.642311,-0.0773,-0.09208,-0.704115,0.384878,-0.334222,-0.58923,-0.569884,0.040529,-0.339434,0.491473,-0.20333,-0.423868,-0.607553,0.088991,-0.079747
0.382111,-0.605828,-0.312253,-0.545745,0.125475,0.019643,-0.211082,-0.112264,-0.649454,-0.084013,-0.10914,-0.710864,0.395589,-0.357712,-0.594023,-0.559015,0.048688,-0.323664,0.5447,-0.221199,-0.384577,-0.547472,0.116717,-0.023073
0.385067,-0.61096,-0.31276,-0.54365,0.137692,0.035405,-0.207923,-0.122391,-0.657026,-0.087001,-0.119701,-0.715453,0.405709,-0.363172,-0.591702,-0.558624,0.046483,-0.318646,0.523312,-0.220975,-0.425034,-0.504827,0.162932,-0.035769
0.387998,-0.586384,-0.30029,-0.521489,0.169568,0.028278,-0.208082,-0.123075,-0.655383,-0.087655,-0.116407,-0.714658,0.405189,-0.364243,-0.593115,-0.561711,0.048623,-0.320918,0.533032,-0.270761,-0.532895,-0.50277,0.166948,-0.052745
0.384121,-0.531697,-0.281462,-0.522126,0.178861,0.03482,-0.220079,-0.116914,-0.654502,-0.206437,-0.134133,-0.707196,0.386871,-0.355213,-0.596338,-0.54241,0.111207,-0.246361,0.327842,-0.412676,-0.273975,-0.441933,0.169816,-0.20013
0.733463,0.198374,-0.317401,-0.482106,-0.025646,0.078628,-0.275113,-0.016331,-0.601185,-0.057159,0.10634,-0.676545,0.511895,0.196476,-0.440593,-0.246452,0.167727,-0.094888,0.493488,0.223738,-0.48521,-0.120481,-0.033943,-0.034818
0.532983,0.51946,-1.100134,0.245864,0.424101,-1.129823,-0.485288,0.16644,-0.926139,0.800745,-0.110982,-0.804569,0.142432,0.568127,-1.067813,0.504873,0.199648,-1.03957,0.382999,0.552988,-1.047217,0.187489,0.337562,-1.171329
0.200165,0.656758,-1.532327,0.317831,0.752089,-0.896598,-0.773544,0.186729,-0.823284,1.079315,-0.105515,-0.577111,-0.269267,0.465195,-1.34028,0.601263,0.452723,-0.787034,0.043709,0.638483,-1.46942,0.415239,0.685618,-0.668305
-0.378592,0.738996,-1.813634,0.872494,0.830014,-0.950331,-0.963284,0.203732,-0.69984,1.179837,-0.090873,-0.337873,-0.669159,0.51168,-1.347853,1.008252,0.481227,-0.789999,-0.419334,0.700147,-1.387855,0.932016,0.530342,-0.684617
-0.911739,0.732477,-1.768624,1.425703,0.776763,-1.071455,-1.050205,0.163563,-0.592476,1.197492,-0.14274,-0.136744,-1.051241,0.492617,-1.273059,1.344195,0.406623,-0.674577,-0.919739,0.802731,-1.475178,1.329248,0.78264,-0.764724
-1.464494,0.75496,-1.53412,1.967922,0.660609,-0.825811,-1.080025,0.117935,-0.511425,1.26212,-0.090846,-0.065173,-1.36142,0.459735,-1.205496,1.692128,0.37716,-0.493279,-1.463546,0.709576,-1.449089,1.732747,0.682139,-0.503263
-1.944565,0.702306,-1.429433,2.289465,0.462377,-0.440649,-1.169054,0.093928,-0.545747,1.27461,-0.085631,0.019428,-1.623818,0.368065,-1.103085,1.874372,0.230284,-0.221156,-1.778984,0.412475,-1.399953,1.987101,0.502166,-0.402195
-2.210404,0.471631,-1.212177,2.34127,0.253994,0.028374,-1.193627,0.062522,-0.460672,1.23261,-0.104516,0.112611,-1.774621,0.242048,-0.911022,1.863635,0.070873,0.083225,-1.982221,0.243157,-1.174246,2.053846,0.32716,-0.021406
-2.401066,0.279654,-0.976278,2.354121,0.092208,0.428484,-1.170218,0.04598,-0.375734,1.204158,-0.123547,0.194304,-1.847874,0.137881,-0.730017,1.853675,-0.015045,0.311064,-2.309208,0.191508,-0.715875,2.069033,0.18425,0.306022
-2.320349,0.149833,-0.798425,2.318763,-0.083047,0.724674,-1.170675,0.0299,-0.321647,1.168534,-0.126614,0.258663,-1.886805,0.08859,-0.596814,1.805345,-0.10884,0.483151,-2.24637,0.041302,-0.553002,2.017931,0.033586,0.540728
-2.284053,0.072347,-0.681648,2.301498,-0.219955,0.932441,-1.202694,0.004184,-0.276872,1.163905,-0.150871,0.331928,-1.831366,0.008348,-0.520008,1.816225,-0.190084,0.637549,-2.133321,-0.028688,-0.420397,1.981776,-0.069275,0.721377
-2.329141,0.091518,-0.666098,2.341675,-0.24254,0.942905,-1.217307,0.007724,-0.280239,1.196808,-0.157566,0.351167,-1.869636,0.0093,-0.511375,1.831207,-0.21849,0.663012,-2.145817,-0.036273,-0.361188,2.015778,-0.077197,0.724658
-2.375845,0.086826,-0.666659,2.371139,-0.233959,0.920513,-1.232051,0.016339,-0.241362,1.208136,-0.160921,0.355167,-1.928503,0.022721,-0.497938,1.855863,-0.219408,0.667664,-2.200934,0.28595,-0.481709,2.041309,-0.084313,0.706839
-2.366167,0.102785,-0.645376,2.380436,-0.221909,0.863714,-1.23839,0.023854,-0.21983,1.213823,-0.163152,0.35259,-1.908611,0.031769,-0.470033,1.852322,-0.219283,0.626845,-2.126945,0.065882,-0.333144,2.067705,-0.068767,0.678042
-2.360898,0.138126,-0.659226,2.386456,-0.228675,0.808404,-1.241933,0.026102,-0.215849,1.213315,-0.168457,0.342252,-1.905132,0.037582,-0.462843,1.872092,-0.21891,0.605449,-2.185619,0.292204,-0.419591,2.142325,-0.049366,0.682159
-2.346269,0.138601,-0.668088,2.404764,-0.20139,0.754412,-1.23998,0.024948,-0.219962,1.213554,-0.17465,0.328073,-1.900559,0.03767,-0.466104,1.87698,-0.217046,0.563213,-2.13955,0.010571,-0.348628,2.112516,-0.053522,0.596976
-2.33327,0.145317,-0.705481,2.457558,-0.177954,0.682738,-1.239034,0.012596,-0.227096,1.245279,-0.197998,0.319944,-1.895134,0.033772,-0.473698,1.924925,-0.201787,0.524818,-2.134416,0.034202,-0.349029,2.148667,-0.01492,0.510682
-2.507506,0.220388,-0.765685,2.480227,-0.136468,0.561742,-1.249286,-0.04559,-0.213235,1.193423,-0.289239,0.301736,-1.940032,0.032036,-0.533859,1.945836,-0.208079,0.446379,-2.332885,0.332681,-0.533438,2.188366,-0.02676,0.368008
-2.21939,0.072239,-0.957191,2.318535,-0.220381,0.27982,-1.229663,-0.163188,-0.187684,1.14891,-0.394494,0.293024,-1.894741,-0.076172,-0.603506,1.812894,-0.296926,0.288194,-2.267997,-0.059269,-0.596171,2.076618,-0.111779,0.153231
-1.987743,-0.171038,-1.061222,2.213944,-0.345038,-0.004071,-1.20715,-0.299315,-0.156506,1.115564,-0.497705,0.275936,-1.765964,-0.293684,-0.654036,1.782851,-0.426945,0.139676,-2.119913,-0.255489,-0.726389,1.953575,-0.258896,-0.068356
-1.786121,-0.526237,-1.133568,2.065712,-0.568736,-0.21821,-1.131633,-0.417658,-0.105233,1.031613,-0.593635,0.242313,-1.615644,-0.523945,-0.689398,1.678186,-0.619252,-0.014785,-1.882943,-0.548203,-0.923553,1.843622,-0.473753,-0.296431
-1.585568,-0.905066,-1.151816,1.860018,-0.880455,-0.412857,-1.048698,-0.515427,-0.119592,0.965719,-0.684473,0.206369,-1.449391,-0.782412,-0.662961,1.549629,-0.846284,-0.163081,-1.654962,-0.96328,-0.969725,1.646525,-0.758149,-0.417963
-1.371374,-1.274795,-1.112631,1.607829,-1.201643,-0.607663,-0.998457,-0.598285,-0.139815,0.89068,-0.764388,0.168223,-1.296015,-1.016992,-0.661196,1.355969,-1.099433,-0.269622,-1.339205,-1.325733,-0.996149,1.449217,-1.033965,-0.620157
-1.130521,-1.572112,-0.990784,1.327537,-1.508716,-0.701142,-0.893376,-0.685265,-0.159798,0.795804,-0.810183,0.119564,-1.136611,-1.209473,-0.602274,1.138457,-1.250768,-0.339657,-1.251274,-1.491543,-0.730804,1.1883,-1.261792,-0.666959
-0.94364,-1.779967,-0.843653,1.039308,-1.780503,-0.668563,-0.799364,-0.793874,-0.176931,0.720894,-0.8644,0.047988,-0.963014,-1.387544,-0.566048,0.959703,-1.410158,-0.365198,-1.00973,-1.74402,-0.76628,0.995063,-1.471588,-0.674757
-0.76252,-1.945095,-0.685266,0.775761,-1.97952,-0.604694,-0.738724,-0.825548,-0.170993,0.662657,-0.918489,-0.042884,-0.821198,-1.471665,-0.498938,0.776513,-1.550384,-0.383214,-0.846337,-1.837377,-0.565137,0.844185,-1.761692,-0.717688
-0.634924,-1.974511,-0.66839,0.570311,-2.041912,-0.5272,-0.703621,-0.822694,-0.149391,0.634414,-0.923604,-0.066438,-0.692301,-1.546869,-0.518407,0.633458,-1.5826,-0.378172,-0.748138,-1.864423,-0.537015,0.65468,-1.830215,-0.621013
-0.634408,-1.971717,-0.663272,0.523687,-2.058594,-0.546683,-0.70837,-0.821533,-0.132745,0.624545,-0.916339,-0.070007,-0.720481,-1.533178,-0.486002,0.610019,-1.577801,-0.379914,-0.783676,-1.864225,-0.559598,0.61263,-1.877872,-0.530622
-0.670277,-1.918003,-0.652078,0.533705,-2.037669,-0.550091,-0.742542,-0.795214,-0.113907,0.628699,-0.915744,-0.066792,-0.772601,-1.466362,-0.439415,0.612253,-1.573519,-0.379729,-0.811735,-1.796451,-0.528564,0.611743,-1.917955,-0.444362
-0.675609,-1.913149,-0.625146,0.574493,-1.997446,-0.545476,-0.763193,-0.783569,-0.106641,0.635726,-0.912501,-0.058326,-0.778707,-1.453558,-0.430737,0.625003,-1.563971,-0.374992,-0.831565,-1.770525,-0.496943,0.644226,-1.905438,-0.440268
-0.683115,-1.898396,-0.628633,0.607044,-1.976407,-0.560729,-0.764284,-0.781151,-0.105595,0.639225,-0.90633,-0.052463,-0.791159,-1.427817,-0.426423,0.640668,-1.552003,-0.372415,-0.826231,-1.664409,-0.445308,0.692319,-1.843325,-0.50103
-0.661588,-1.898442,-0.629895,0.596263,-1.944076,-0.577986,-0.757309,-0.778415,-0.112052,0.633036,-0.894282,-0.050412,-0.769666,-1.434357,-0.431274,0.638983,-1.530771,-0.375592,-0.788186,-1.759955,-0.491845,0.686922,-1.786959,-0.551793
