-0.58089,-1.62082,-0.793277,0.573663,-1.685495,-0.695992,-0.652797,-0.640025,-0.154709,0.624773,-0.70736,-0.066185,-0.66552,-1.282978,-0.598456,0.63659,-1.283906,-0.456058,-0.586633,-1.428792,-0.830308,0.655161,-1.524402,-0.697144
-0.579599,-1.622455,-0.794267,0.574409,-1.683937,-0.702775,-0.654105,-0.63936,-0.159606,0.626036,-0.706718,-0.067002,-0.665904,-1.282702,-0.599382,0.63803,-1.284759,-0.457269,-0.586644,-1.430602,-0.833598,0.657305,-1.529728,-0.707979
-0.581483,-1.618401,-0.794953,0.578101,-1.670665,-0.72284,-0.65527,-0.638687,-0.161607,0.62726,-0.704159,-0.069558,-0.6659,-1.281767,-0.601436,0.642443,-1.28237,-0.46517,-0.587117,-1.424578,-0.831616,0.660903,-1.518592,-0.740786
-0.572989,-1.613868,-0.805709,0.591703,-1.58958,-0.808763,-0.656527,-0.635502,-0.161771,0.632296,-0.68751,-0.072447,-0.665876,-1.278162,-0.604612,0.659946,-1.256691,-0.515697,-0.592842,-1.383372,-0.823324,0.669767,-1.441249,-0.814073
-0.548697,-1.580771,-0.83016,0.619044,-1.400642,-0.968919,-0.657497,-0.627297,-0.161981,0.640461,-0.665462,-0.083272,-0.662164,-1.271978,-0.609672,0.685201,-1.152333,-0.585271,-0.574757,-1.384959,-0.887013,0.616994,-1.255977,-0.986472
-0.469157,-1.50864,-0.903151,0.62268,-1.020701,-1.187466,-0.658695,-0.617183,-0.163739,0.697383,-0.733233,-0.25307,-0.632878,-1.173162,-0.607134,0.657352,-0.996708,-0.937905,-0.510034,-1.300837,-0.9306,0.574643,-0.941232,-1.17573
-0.335756,-1.404618,-0.99566,0.612068,-0.568549,-1.324039,-0.658682,-0.592486,-0.156986,0.632431,-0.595094,-0.15983,-0.51024,-1.117451,-0.743179,0.625439,-0.60617,-0.854148,-0.445715,-1.223199,-1.023285,0.568444,-0.537077,-1.216736
-0.182256,-1.231702,-1.074176,0.586029,-0.108648,-1.249837,-0.64993,-0.578142,-0.180338,0.618594,-0.574976,-0.28214,-0.481611,-0.978291,-0.67953,0.618016,-0.311718,-0.958036,-0.336092,-1.033771,-1.025245,0.515225,-0.085072,-1.171044
0.06713,-1.017417,-1.107802,0.540405,0.257091,-1.015186,-0.635584,-0.563842,-0.161773,0.613223,-0.516939,-0.398265,-0.324903,-0.84812,-0.715772,0.584241,-0.039992,-0.865267,-0.139469,-0.859006,-1.080127,0.4593,0.249709,-0.916747
0.268718,-0.789955,-1.089813,0.509129,0.516433,-0.764804,-0.619214,-0.594411,-0.184158,0.575747,-0.359003,-0.530222,-0.087883,-0.727367,-0.781138,0.533122,0.182358,-0.765295,0.03693,-0.670216,-1.057502,0.475193,0.346992,-0.619251
0.330524,-0.598684,-0.997681,0.377763,0.641639,-0.41129,-0.592128,-0.599991,-0.266559,0.560269,-0.123769,-0.606947,-0.042684,-0.644545,-0.784865,0.454985,0.591985,-0.546697,0.178075,-0.516377,-1.02164,0.524207,0.612571,-0.545311
0.26731,-0.485797,-0.960404,0.459347,0.669292,-0.363429,-0.602544,-0.605526,-0.304015,0.543409,-0.406747,-0.758083,-0.095248,-0.6018,-0.730607,0.503204,0.189063,-0.576908,0.158868,-0.645545,-0.730885,0.47455,0.450243,-0.565529
0.31933,-0.45947,-0.870909,0.465103,0.621516,-0.228872,-0.585714,-0.619628,-0.313151,0.591436,-0.403793,-0.755635,-0.047171,-0.61289,-0.73868,0.528141,0.188823,-0.51299,0.110159,-0.632252,-0.538261,0.577277,0.556327,-0.295456
0.522312,-0.40704,-0.833842,0.460817,0.601473,-0.067894,-0.580465,-0.6256,-0.332443,0.555835,-0.383209,-0.701979,-0.000627,-0.574775,-0.723109,0.517473,0.209658,-0.386757,0.324565,-0.3056,-0.679101,0.608938,0.528324,-0.200144
0.535115,-0.412004,-0.812356,0.522857,0.615357,-0.097226,-0.591276,-0.632749,-0.338235,0.54615,-0.382984,-0.681073,0.001021,-0.582381,-0.724866,0.552633,0.216201,-0.39766,0.338384,-0.30062,-0.646165,0.61932,0.530177,-0.188234
0.549373,-0.413903,-0.791521,0.496211,0.614948,-0.072468,-0.583549,-0.628203,-0.343356,0.545337,-0.375115,-0.664647,0.014159,-0.581014,-0.719618,0.552318,0.223364,-0.381794,0.343454,-0.305104,-0.659488,0.61095,0.536152,-0.176811
0.590916,-0.306255,-0.749221,0.494057,0.614018,-0.070161,-0.587253,-0.633287,-0.357351,0.548454,-0.377991,-0.665872,0.280682,-0.435825,-0.705314,0.5515,0.222798,-0.372628,0.438612,-0.097947,-0.634312,0.608851,0.5358,-0.183403
0.602107,-0.318455,-0.729973,0.487776,0.617518,-0.079492,-0.593357,-0.635722,-0.360324,0.550257,-0.381305,-0.667213,0.282736,-0.438908,-0.707153,0.552145,0.225187,-0.374098,0.440025,-0.09534,-0.631278,0.531221,0.446102,-0.339508
0.590677,-0.371716,-0.748858,0.495048,0.6119,-0.077846,-0.580478,-0.626851,-0.362271,0.550924,-0.377933,-0.658883,0.054662,-0.560783,-0.671932,0.553483,0.22412,-0.372645,0.397393,-0.23432,-0.59449,0.61565,0.532574,-0.17207
0.590207,-0.374484,-0.740255,0.478864,0.608962,-0.091273,-0.565051,-0.618276,-0.360022,0.551148,-0.375388,-0.648948,0.062204,-0.555263,-0.663403,0.55392,0.221334,-0.372529,0.40113,-0.230036,-0.586018,0.602678,0.518784,-0.213254
0.584938,-0.41042,-0.755696,0.475029,0.622725,-0.123468,-0.561332,-0.615516,-0.359031,0.55352,-0.379749,-0.64351,0.052225,-0.581944,-0.691479,0.557715,0.225377,-0.388544,0.402113,-0.273061,-0.613036,0.618614,0.553718,-0.223759
0.492307,-0.55199,-0.809526,0.461847,0.660414,-0.306539,-0.565266,-0.617231,-0.358147,0.555603,-0.412765,-0.640317,0.042046,-0.609951,-0.70404,0.55441,0.227065,-0.469563,0.337206,-0.440982,-0.692928,0.60426,0.57297,-0.435846
0.466899,-0.780393,-0.900609,0.474339,0.547444,-0.747404,-0.563678,-0.599101,-0.317598,0.633705,-0.592327,-0.680914,-0.013482,-0.713219,-0.701952,0.508523,0.29009,-0.749843,0.330594,-0.630888,-0.837897,0.451465,0.371416,-0.915832
0.456059,-0.968694,-0.948945,0.412052,0.228318,-1.131649,-0.582379,-0.597991,-0.25392,0.655242,-0.573545,-0.447848,-0.085497,-0.802998,-0.704768,0.586708,-0.084214,-0.907459,0.183187,-1.034113,-0.651971,0.502574,0.031499,-1.171098
0.203409,-1.103691,-0.987963,0.428359,-0.186634,-1.290095,-0.604769,-0.57745,-0.203921,0.62361,-0.55097,-0.462043,-0.109859,-0.946051,-0.778778,0.499472,-0.244452,-1.163785,0.028409,-1.1884,-0.686438,0.525283,-0.331535,-1.296288
-0.030675,-1.272867,-1.007888,0.510634,-0.65011,-1.343306,-0.627167,-0.578,-0.15934,0.650486,-0.648167,-0.267608,-0.362252,-0.984844,-0.686308,0.623345,-0.695598,-0.994193,0.017268,-1.160195,-0.747253,0.589686,-0.720084,-1.283195
-0.262456,-1.409241,-0.984566,0.55546,-1.034566,-1.27451,-0.639316,-0.579379,-0.162533,0.647579,-0.717719,-0.240639,-0.472449,-1.056871,-0.659662,0.605956,-0.927777,-0.96816,-0.424773,-1.436038,-0.695247,0.673833,-1.014703,-1.193472
-0.581969,-1.569062,-0.915643,0.638583,-1.485199,-1.086243,-0.664641,-0.586126,-0.144656,0.676991,-0.811076,-0.199386,-0.640083,-1.162926,-0.604098,0.704851,-1.178433,-0.687637,-0.521769,-1.471483,-0.808596,0.677875,-1.291944,-1.023112
-0.737948,-1.689799,-0.796176,0.743737,-1.614023,-0.870478,-0.685938,-0.62217,-0.142531,0.629789,-0.694068,-0.060206,-0.73016,-1.289326,-0.609177,0.731639,-1.228572,-0.509529,-0.841847,-1.533824,-0.671701,0.751504,-1.405451,-0.805496
-0.846948,-1.741214,-0.688556,0.772359,-1.692066,-0.695809,-0.691376,-0.638328,-0.138189,0.632824,-0.702133,-0.055631,-0.7951,-1.323058,-0.557349,0.752343,-1.278552,-0.440612,-0.912122,-1.523915,-0.600774,0.812429,-1.455194,-0.611735
-0.878722,-1.763821,-0.617642,0.782059,-1.755063,-0.577312,-0.718065,-0.663029,-0.120545,0.636544,-0.708076,-0.044172,-0.828714,-1.343843,-0.53064,0.766555,-1.330387,-0.37661,-0.939575,-1.464719,-0.485941,0.831153,-1.542674,-0.530823
-0.866824,-1.777826,-0.584683,0.778008,-1.765606,-0.513129,-0.727161,-0.664544,-0.102604,0.637921,-0.711191,-0.03295,-0.840387,-1.3606,-0.499371,0.765769,-1.333283,-0.315194,-0.935341,-1.518828,-0.480365,0.83126,-1.477778,-0.449774
-0.866507,-1.780008,-0.56996,0.774338,-1.770401,-0.492501,-0.732047,-0.672601,-0.078574,0.639638,-0.719289,-0.022258,-0.841346,-1.357267,-0.460403,0.763812,-1.333341,-0.292368,-0.918096,-1.505217,-0.451712,0.828863,-1.536785,-0.439504
-0.858694,-1.775325,-0.548692,0.762274,-1.751739,-0.492157,-0.724403,-0.671174,-0.07511,0.639186,-0.719168,-0.014118,-0.831541,-1.35146,-0.445183,0.759806,-1.323767,-0.278795,-0.908055,-1.512746,-0.443202,0.820306,-1.575272,-0.455107
-0.872151,-1.844218,-0.54487,0.802219,-1.809329,-0.524803,-0.73116,-0.70172,-0.069609,0.673625,-0.747547,-0.002832,-0.842641,-1.402492,-0.44544,0.797387,-1.370672,-0.276913,-0.932584,-1.576987,-0.433905,0.858925,-1.615437,-0.468306
-0.883834,-1.837927,-0.567053,0.798484,-1.791123,-0.573244,-0.730857,-0.70059,-0.072742,0.666164,-0.742549,-0.004589,-0.845132,-1.394414,-0.449956,0.790055,-1.360744,-0.285174,-0.941446,-1.530892,-0.467358,0.851931,-1.576462,-0.496591
-0.881069,-1.815553,-0.599292,0.794955,-1.773043,-0.584358,-0.733472,-0.697217,-0.076814,0.655656,-0.734098,-0.007629,-0.850586,-1.382708,-0.460934,0.779925,-1.346407,-0.297987,-0.947221,-1.504438,-0.484627,0.826606,-1.473186,-0.484946
-0.871651,-1.796459,-0.612419,0.798224,-1.776439,-0.595391,-0.736513,-0.691566,-0.079065,0.651958,-0.731459,-0.009756,-0.857156,-1.371898,-0.474217,0.779302,-1.349973,-0.319995,-0.92877,-1.53313,-0.482759,0.828299,-1.575166,-0.547721
-0.868279,-1.801069,-0.605475,0.794244,-1.761721,-0.603682,-0.739038,-0.689549,-0.081716,0.650303,-0.729682,-0.012595,-0.860989,-1.367559,-0.487495,0.777901,-1.344995,-0.322825,-0.906757,-1.599533,-0.505369,0.835319,-1.580077,-0.550991
-0.83955,-1.767448,-0.627712,0.792647,-1.750862,-0.590913,-0.739831,-0.686601,-0.082836,0.648681,-0.727576,-0.013894,-0.862054,-1.361481,-0.490258,0.777463,-1.327376,-0.325157,-0.950796,-1.631193,-0.522081,0.811942,-1.599051,-0.58251
-0.823443,-1.739841,-0.650386,0.793146,-1.758012,-0.589877,-0.740137,-0.683211,-0.083718,0.648792,-0.726506,-0.015408,-0.862485,-1.349795,-0.488001,0.777612,-1.331593,-0.331492,-0.938572,-1.669423,-0.517061,0.82579,-1.574995,-0.561528
-0.809181,-1.721439,-0.665589,0.785249,-1.79853,-0.579895,-0.74016,-0.681149,-0.084588,0.648528,-0.724793,-0.017015,-0.861789,-1.341199,-0.48084,0.783202,-1.368403,-0.354273,-0.922042,-1.680753,-0.519672,0.829988,-1.629816,-0.598161
-0.801597,-1.717835,-0.664982,0.788201,-1.773292,-0.580565,-0.739863,-0.680981,-0.085958,0.652619,-0.73162,-0.022325,-0.859396,-1.33816,-0.477634,0.781733,-1.344514,-0.345122,-0.922857,-1.579206,-0.502612,0.840072,-1.629249,-0.597679
-0.799233,-1.716608,-0.665868,0.796553,-1.761943,-0.589313,-0.739607,-0.681207,-0.086441,0.654688,-0.73519,-0.026013,-0.857969,-1.336757,-0.475321,0.780693,-1.32981,-0.338004,-0.91323,-1.666845,-0.536539,0.842254,-1.636483,-0.615218
-0.791483,-1.702988,-0.658389,0.796593,-1.755285,-0.578403,-0.729867,-0.675877,-0.085595,0.655447,-0.730337,-0.027278,-0.845907,-1.324189,-0.468997,0.780739,-1.326142,-0.340505,-0.917005,-1.539221,-0.485633,0.839195,-1.612531,-0.600893
-0.788695,-1.694731,-0.658895,0.801901,-1.744861,-0.584325,-0.724888,-0.672584,-0.085737,0.65569,-0.727103,-0.028248,-0.839565,-1.316975,-0.467575,0.781239,-1.317768,-0.340211,-0.906324,-1.634054,-0.532481,0.862439,-1.565823,-0.567383
-0.78872,-1.702333,-0.665614,0.803837,-1.747374,-0.593611,-0.726755,-0.673578,-0.08824,0.655712,-0.726985,-0.029532,-0.840893,-1.318166,-0.471007,0.782833,-1.322456,-0.345184,-0.911286,-1.637326,-0.534408,0.773309,-1.578815,-0.603515
-0.79333,-1.703148,-0.65679,0.806907,-1.73845,-0.59113,-0.727642,-0.673274,-0.089698,0.655738,-0.727167,-0.030664,-0.842731,-1.314657,-0.469702,0.784292,-1.315945,-0.345648,-0.920436,-1.568233,-0.495358,0.769079,-1.63712,-0.625926
-0.789,-1.703105,-0.667509,0.805701,-1.738446,-0.59679,-0.728279,-0.673738,-0.092615,0.655667,-0.727168,-0.031789,-0.843403,-1.313222,-0.470835,0.785107,-1.315527,-0.347883,-0.91361,-1.641144,-0.535417,0.773282,-1.582511,-0.607421
-0.789348,-1.692821,-0.682822,0.803056,-1.737135,-0.598421,-0.728104,-0.674203,-0.097532,0.655468,-0.726358,-0.032842,-0.842753,-1.307607,-0.471408,0.784936,-1.312557,-0.348724,-0.91032,-1.629104,-0.555266,0.851398,-1.597901,-0.611368
-0.790591,-1.691414,-0.68368,0.80003,-1.737616,-0.596021,-0.727616,-0.673947,-0.099878,0.656082,-0.727311,-0.035646,-0.842041,-1.305532,-0.474813,0.784619,-1.311283,-0.349925,-0.917076,-1.501623,-0.502391,0.784101,-1.577944,-0.616486
