-0.56133,-1.653693,-0.425461,0.465688,-1.719703,-0.633184,-0.609019,-0.674205,-0.002005,0.650697,-0.737686,-0.296818,-0.652239,-1.229498,-0.272933,0.602063,-1.303085,-0.542017,-0.478036,-1.365504,-0.47385,0.378499,-1.463505,-0.689523
-0.559962,-1.672325,-0.425524,0.467726,-1.728335,-0.630495,-0.608807,-0.674585,-0.002459,0.65085,-0.737686,-0.296717,-0.641243,-1.26808,-0.291541,0.60197,-1.303271,-0.54151,-0.473633,-1.390829,-0.4857,0.378406,-1.466278,-0.692085
-0.563359,-1.6715,-0.428631,0.469418,-1.72965,-0.626226,-0.608606,-0.675392,-0.003188,0.650973,-0.737525,-0.296622,-0.642041,-1.265459,-0.290202,0.601734,-1.303415,-0.540723,-0.472545,-1.388941,-0.483621,0.376717,-1.481072,-0.694719
-0.555054,-1.680428,-0.425565,0.488796,-1.697902,-0.620047,-0.598145,-0.667965,-0.00227,0.65051,-0.729901,-0.292619,-0.627895,-1.266611,-0.29169,0.601869,-1.290932,-0.534499,-0.461551,-1.387244,-0.477892,0.388089,-1.440073,-0.676204
-0.533013,-1.655842,-0.410717,0.48948,-1.683566,-0.61573,-0.588804,-0.662341,-0.001364,0.650208,-0.723264,-0.289024,-0.619232,-1.252334,-0.286397,0.6021,-1.280071,-0.528705,-0.455955,-1.38411,-0.480816,0.390596,-1.405018,-0.661471
-0.529596,-1.652216,-0.413943,0.470743,-1.677096,-0.616453,-0.586189,-0.659555,-0.001198,0.650081,-0.720865,-0.287609,-0.617048,-1.2459,-0.284209,0.602396,-1.276401,-0.526566,-0.450781,-1.36931,-0.473438,0.388471,-1.407661,-0.66448
-0.53367,-1.653187,-0.412757,0.486584,-1.675044,-0.613422,-0.583403,-0.66179,-0.000614,0.655632,-0.7223,-0.286937,-0.614803,-1.246235,-0.283064,0.607818,-1.279121,-0.526077,-0.447014,-1.372974,-0.474209,0.39163,-1.418063,-0.666991
-0.529702,-1.645583,-0.413822,0.494466,-1.683469,-0.615876,-0.581694,-0.662869,-0.000373,0.659292,-0.723146,-0.286369,-0.613123,-1.246403,-0.282642,0.611425,-1.28086,-0.525722,-0.445358,-1.372243,-0.47334,0.404541,-1.388846,-0.651238
-0.524106,-1.646159,-0.416201,0.48992,-1.673544,-0.61897,-0.580222,-0.663499,-0.000364,0.661559,-0.723353,-0.286105,-0.611533,-1.247119,-0.282401,0.613803,-1.2816,-0.52541,-0.446114,-1.376777,-0.475048,0.40215,-1.410326,-0.661795
-0.522495,-1.646332,-0.421746,0.493598,-1.678892,-0.615995,-0.579454,-0.663666,-0.000638,0.662858,-0.723591,-0.28593,-0.610734,-1.247415,-0.282313,0.615239,-1.282046,-0.525459,-0.441538,-1.361008,-0.472823,0.407142,-1.421709,-0.664036
-0.528141,-1.656319,-0.415951,0.521969,-1.531801,-0.647161,-0.584548,-0.66577,-0.001108,0.663521,-0.727422,-0.287447,-0.615727,-1.253597,-0.283937,0.615868,-1.288456,-0.528026,-0.449669,-1.370477,-0.47287,0.467817,-1.32426,-0.586337
-0.526631,-1.655319,-0.416472,0.464091,-1.728731,-0.627912,-0.583241,-0.663295,-0.000173,0.664392,-0.726813,-0.286835,-0.613859,-1.252428,-0.283588,0.617072,-1.28746,-0.527441,-0.445943,-1.37068,-0.474266,0.379611,-1.451586,-0.687924
-0.527048,-1.653405,-0.414852,0.465707,-1.727567,-0.626056,-0.582043,-0.661768,8e-06,0.664914,-0.727096,-0.286709,-0.612081,-1.251229,-0.283331,0.617739,-1.287343,-0.527075,-0.444772,-1.374055,-0.474086,0.383203,-1.450623,-0.684708
-0.524845,-1.651354,-0.41434,0.47141,-1.714858,-0.624338,-0.580815,-0.65975,-0.001091,0.664168,-0.727056,-0.286844,-0.610963,-1.248646,-0.283608,0.617578,-1.286657,-0.526678,-0.443988,-1.370876,-0.473991,0.384678,-1.484057,-0.691703
-0.528699,-1.649882,-0.416942,0.475897,-1.704416,-0.624023,-0.579818,-0.657442,-0.001546,0.664204,-0.726744,-0.286524,-0.609489,-1.246668,-0.284002,0.618186,-1.285655,-0.526346,-0.441948,-1.366837,-0.474141,0.401443,-1.401173,-0.666725
-0.522513,-1.649247,-0.421246,0.484246,-1.762183,-0.624482,-0.581377,-0.658928,-0.003938,0.665418,-0.727969,-0.286465,-0.610237,-1.248392,-0.285543,0.620492,-1.287632,-0.526441,-0.44217,-1.370435,-0.475425,0.3995,-1.482018,-0.68081
-0.524732,-1.653436,-0.419548,0.521439,-1.764589,-0.614747,-0.582686,-0.659707,-0.005489,0.667621,-0.728397,-0.285452,-0.610675,-1.247733,-0.286785,0.627713,-1.289566,-0.523545,-0.445682,-1.373068,-0.479271,0.400741,-1.5031,-0.688135
-0.525115,-1.651748,-0.425941,0.568067,-1.772281,-0.60315,-0.585306,-0.660212,-0.005795,0.671178,-0.726361,-0.281383,-0.609066,-1.246335,-0.287825,0.641603,-1.288968,-0.515979,-0.440059,-1.372295,-0.476669,0.419137,-1.484104,-0.671877
-0.517169,-1.657768,-0.432964,0.588219,-1.771184,-0.606484,-0.588125,-0.66697,-0.008976,0.679509,-0.724065,-0.276002,-0.608289,-1.252839,-0.291322,0.659913,-1.288348,-0.514556,-0.443482,-1.384927,-0.486433,0.445253,-1.482542,-0.657842
-0.50922,-1.647707,-0.440907,0.622903,-1.752563,-0.604737,-0.583147,-0.669451,-0.0158,0.688333,-0.710624,-0.263228,-0.601266,-1.246829,-0.293475,0.696001,-1.270086,-0.506598,-0.432349,-1.373127,-0.481604,0.492183,-1.442764,-0.606989
-0.504301,-1.621402,-0.458832,0.834401,-1.638068,-0.608396,-0.582843,-0.672268,-0.019289,0.713473,-0.682918,-0.25119,-0.607942,-1.222475,-0.292544,0.793218,-1.231647,-0.504517,-0.429721,-1.317,-0.464479,0.716577,-1.478278,-0.692168
-0.501071,-1.620006,-0.465989,1.096937,-1.474635,-0.627896,-0.581961,-0.677801,-0.026418,0.773227,-0.622404,-0.250029,-0.6022,-1.226514,-0.299864,0.990766,-1.154032,-0.501214,-0.424906,-1.340313,-0.477639,0.870295,-1.413259,-0.747957
-0.475215,-1.66489,-0.508096,1.574005,-1.179234,-0.607802,-0.565423,-0.723996,-0.054954,0.959794,-0.475461,-0.243479,-0.58565,-1.272324,-0.339743,1.339702,-0.888699,-0.480306,-0.401276,-1.370504,-0.509157,1.386962,-1.187717,-0.633164
-0.454839,-1.668281,-0.513672,1.841127,-0.84372,-0.561234,-0.54965,-0.734847,-0.070196,1.051076,-0.266002,-0.21102,-0.56559,-1.276582,-0.353482,1.502639,-0.592935,-0.433803,-0.380801,-1.375652,-0.516421,1.693264,-0.90639,-0.59617
-0.435749,-1.64997,-0.51687,2.036694,-0.422055,-0.500779,-0.528459,-0.733694,-0.083242,1.100437,-0.105964,-0.194304,-0.545336,-1.267706,-0.359274,1.628939,-0.266252,-0.39017,-0.3614,-1.361169,-0.51606,1.881692,-0.499313,-0.52475
-0.427756,-1.660436,-0.513576,2.12411,-0.033831,-0.463571,-0.517437,-0.744279,-0.093843,1.159245,0.040586,-0.183839,-0.533323,-1.275963,-0.365462,1.708719,0.016216,-0.364115,-0.354114,-1.383368,-0.528231,1.979007,-0.127012,-0.520619
-0.413152,-1.691251,-0.5204,2.113092,0.395193,-0.413399,-0.505213,-0.777301,-0.104993,1.149185,0.236946,-0.147262,-0.52471,-1.311411,-0.374136,1.685242,0.362886,-0.322655,-0.342081,-1.415553,-0.531679,2.066804,0.266961,-0.480063
-0.406864,-1.714351,-0.516948,2.086392,0.564907,-0.381549,-0.497388,-0.794625,-0.110786,1.135279,0.33384,-0.130411,-0.517511,-1.328402,-0.37724,1.640128,0.557843,-0.288117,-0.336824,-1.439162,-0.533797,1.933102,0.474161,-0.42999
-0.396683,-1.726467,-0.519227,2.050703,0.67101,-0.355635,-0.488159,-0.806441,-0.116333,1.137446,0.412826,-0.120063,-0.508273,-1.339083,-0.378982,1.638279,0.643192,-0.268783,-0.325729,-1.450996,-0.529446,1.985095,0.610342,-0.419596
-0.412622,-1.746509,-0.522972,2.01592,0.776049,-0.350714,-0.499655,-0.817528,-0.119997,1.138266,0.460271,-0.113996,-0.52283,-1.357144,-0.385886,1.645052,0.694549,-0.265353,-0.337007,-1.460319,-0.527439,2.01169,0.673943,-0.4098
-0.376161,-1.810148,-0.529454,2.005031,0.766296,-0.356442,-0.496771,-0.818247,-0.12336,1.132366,0.470619,-0.115118,-0.464885,-1.437596,-0.427019,1.638512,0.704245,-0.27027,-0.296341,-1.562476,-0.585404,1.976961,0.670901,-0.422082
-0.376685,-1.814287,-0.527754,1.993097,0.754627,-0.37184,-0.494266,-0.82185,-0.126649,1.129686,0.471945,-0.117519,-0.463835,-1.433226,-0.427079,1.637613,0.699354,-0.279263,-0.295075,-1.608429,-0.597603,1.973486,0.693798,-0.337313
-0.392175,-1.776448,-0.522225,2.029831,0.765237,-0.364505,-0.491449,-0.825827,-0.126155,1.12981,0.469557,-0.122056,-0.462691,-1.431597,-0.425974,1.640005,0.685693,-0.294749,-0.292356,-1.504277,-0.548784,1.946623,0.615974,-0.447517
-0.419624,-1.723481,-0.500555,2.031844,0.705096,-0.403034,-0.48931,-0.823251,-0.126138,1.129439,0.465697,-0.126369,-0.502641,-1.365814,-0.383882,1.639178,0.677995,-0.302797,-0.341415,-1.495871,-0.530438,1.955512,0.612285,-0.448981
-0.407293,-1.751333,-0.505773,2.022015,0.701434,-0.417583,-0.488633,-0.821903,-0.122759,1.129634,0.455991,-0.131908,-0.507114,-1.363548,-0.381198,1.64128,0.659821,-0.312734,-0.338133,-1.509067,-0.539182,1.935991,0.587125,-0.393233
-0.404358,-1.751717,-0.508594,2.087712,0.56359,-0.427242,-0.486889,-0.822786,-0.119966,1.114664,0.390756,-0.142006,-0.505193,-1.362646,-0.382829,1.745503,0.496577,-0.374589,-0.33914,-1.511037,-0.541232,2.003952,0.446959,-0.531524
-0.400851,-1.754223,-0.509669,2.072517,0.358365,-0.555648,-0.48316,-0.822459,-0.117553,1.108908,0.314988,-0.146112,-0.507236,-1.362434,-0.383411,1.642317,0.419113,-0.363562,-0.327157,-1.491341,-0.53,1.730545,0.306196,-0.423923
-0.385081,-1.705862,-0.504071,2.008845,0.135813,-0.575783,-0.460839,-0.798586,-0.119321,1.107444,0.206126,-0.163697,-0.48908,-1.327643,-0.383319,1.638197,0.218991,-0.390395,-0.317217,-1.453185,-0.526608,1.970149,0.12634,-0.484513
-0.384789,-1.697748,-0.502961,1.977064,-0.150721,-0.608472,-0.455811,-0.793999,-0.116977,1.134932,0.067943,-0.200971,-0.485495,-1.320699,-0.385753,1.655353,-0.038606,-0.431565,-0.307315,-1.44122,-0.530316,2.025435,-0.172836,-0.489579
-0.379231,-1.726094,-0.513068,1.970742,-0.483069,-0.62774,-0.454431,-0.799993,-0.116061,1.117394,-0.053919,-0.219403,-0.477974,-1.3363,-0.390415,1.605679,-0.286505,-0.461396,-0.302263,-1.460077,-0.539045,1.718403,-0.41161,-0.44454
-0.386471,-1.696519,-0.501672,1.711228,-0.936954,-0.683501,-0.45885,-0.781846,-0.10941,1.044679,-0.283016,-0.245881,-0.48013,-1.311498,-0.381265,1.431977,-0.646768,-0.499747,-0.30489,-1.429217,-0.526322,1.679162,-0.922676,-0.589495
-0.404083,-1.678723,-0.497617,1.529834,-1.183368,-0.682169,-0.465428,-0.759742,-0.100541,0.988377,-0.401048,-0.252288,-0.484681,-1.292513,-0.373116,1.300114,-0.835057,-0.510815,-0.315454,-1.417999,-0.52938,1.477265,-1.131446,-0.583835
-0.411645,-1.701898,-0.477061,1.297121,-1.440532,-0.679592,-0.479483,-0.763792,-0.09915,0.934206,-0.501386,-0.27717,-0.495031,-1.300232,-0.370561,1.150215,-1.006654,-0.532299,-0.32291,-1.426372,-0.53139,1.267806,-1.344022,-0.561525
-0.437941,-1.725885,-0.469344,1.075427,-1.623631,-0.649996,-0.500855,-0.771053,-0.095064,0.878447,-0.603034,-0.288701,-0.514342,-1.319676,-0.368122,1.033279,-1.137645,-0.540619,-0.338908,-1.444092,-0.534107,1.066169,-1.477643,-0.49175
-0.469315,-1.693568,-0.446969,0.8142,-1.716894,-0.617095,-0.522533,-0.735144,-0.073935,0.798396,-0.630388,-0.265774,-0.536307,-1.289473,-0.346631,0.828472,-1.225792,-0.511875,-0.359107,-1.408965,-0.514071,0.793967,-1.465456,-0.472704
-0.49096,-1.704427,-0.437004,0.614135,-1.718409,-0.638794,-0.539758,-0.72357,-0.062211,0.737902,-0.682758,-0.263689,-0.554744,-1.294594,-0.341252,0.725115,-1.247517,-0.486322,-0.376243,-1.43027,-0.517358,0.674274,-1.476305,-0.566351
-0.486964,-1.704985,-0.438568,0.523327,-1.675147,-0.603715,-0.559983,-0.718015,-0.048794,0.704091,-0.701518,-0.262165,-0.575613,-1.30256,-0.333435,0.665116,-1.267568,-0.489476,-0.394385,-1.407514,-0.503862,0.61577,-1.538697,-0.57792
-0.495395,-1.713323,-0.440618,0.497539,-1.713007,-0.615446,-0.577942,-0.717506,-0.039435,0.688361,-0.708721,-0.258773,-0.594027,-1.311105,-0.325329,0.628408,-1.278395,-0.495976,-0.412875,-1.409079,-0.500017,0.653911,-1.45502,-0.559446
-0.502908,-1.723373,-0.433169,0.500714,-1.69824,-0.596638,-0.586994,-0.712642,-0.031546,0.679409,-0.710472,-0.25644,-0.603029,-1.312152,-0.320343,0.622931,-1.275706,-0.492365,-0.422259,-1.419923,-0.49776,0.638271,-1.462843,-0.562394
-0.509714,-1.715088,-0.429362,0.496395,-1.697487,-0.599169,-0.591799,-0.706742,-0.024918,0.673012,-0.711209,-0.254009,-0.607396,-1.308902,-0.316197,0.617664,-1.276248,-0.489581,-0.427741,-1.409558,-0.492602,0.629683,-1.462976,-0.566038
-0.525352,-1.715792,-0.416005,0.494786,-1.695537,-0.597605,-0.595442,-0.705734,-0.021718,0.668661,-0.712514,-0.251365,-0.610386,-1.307586,-0.31308,0.616111,-1.278036,-0.486029,-0.429766,-1.422549,-0.494593,0.637228,-1.463116,-0.543731
