-0.517579,-1.738867,-0.693497,0.514507,-1.834328,-0.711129,-0.569289,-0.666611,-0.125426,0.6309,-0.82386,-0.260892,-0.556634,-1.319187,-0.474816,0.610293,-1.438392,-0.561379,-0.425654,-1.529835,-0.694777,0.456236,-1.596542,-0.777694
-0.515374,-1.740719,-0.691899,0.526694,-1.813534,-0.706901,-0.569696,-0.671821,-0.12093,0.633447,-0.825484,-0.258874,-0.556268,-1.320776,-0.472921,0.612069,-1.392601,-0.535526,-0.41958,-1.527886,-0.689129,0.463681,-1.569758,-0.769507
-0.517325,-1.7397,-0.687666,0.549404,-1.765593,-0.695049,-0.563108,-0.6687,-0.129065,0.631672,-0.825038,-0.258334,-0.556341,-1.319055,-0.471776,0.609949,-1.346144,-0.512618,-0.396188,-1.527286,-0.674284,0.469984,-1.495268,-0.748463
-0.516505,-1.734054,-0.692099,0.506781,-1.823926,-0.725259,-0.564517,-0.665532,-0.125455,0.629041,-0.822644,-0.259801,-0.555154,-1.315231,-0.472534,0.60921,-1.452204,-0.572369,-0.422474,-1.523041,-0.690191,0.456716,-1.577785,-0.774666
-0.514786,-1.73453,-0.686091,0.550714,-1.766159,-0.690311,-0.561123,-0.672351,-0.124488,0.632602,-0.822572,-0.254699,-0.553972,-1.315744,-0.467699,0.606005,-1.343874,-0.506336,-0.427468,-1.525578,-0.689507,0.470147,-1.492263,-0.743529
-0.513077,-1.735606,-0.6872,0.548035,-1.766411,-0.68963,-0.563593,-0.675145,-0.119754,0.633118,-0.822553,-0.252735,-0.554112,-1.315992,-0.465693,0.606535,-1.344193,-0.50448,-0.417299,-1.520918,-0.678767,0.470214,-1.50979,-0.747036
-0.518725,-1.739303,-0.693279,0.542946,-1.781895,-0.702482,-0.567157,-0.665783,-0.125212,0.629854,-0.825758,-0.262828,-0.556898,-1.319346,-0.475749,0.60269,-1.364,-0.528836,-0.424278,-1.530233,-0.694345,0.464555,-1.525101,-0.76119
-0.520816,-1.716039,-0.690005,0.536573,-1.790431,-0.705599,-0.562502,-0.665259,-0.129994,0.630481,-0.826222,-0.261939,-0.55665,-1.299014,-0.466765,0.603473,-1.369059,-0.531075,-0.435039,-1.525618,-0.695918,0.464677,-1.527027,-0.764685
-0.519732,-1.725973,-0.68333,0.54797,-1.766823,-0.698506,-0.556317,-0.672403,-0.131211,0.633683,-0.822726,-0.255081,-0.553753,-1.301678,-0.46205,0.607509,-1.343721,-0.509105,-0.429664,-1.512771,-0.68375,0.471974,-1.492693,-0.744458
-0.521663,-1.732187,-0.693432,0.515168,-1.839598,-0.715266,-0.557119,-0.666486,-0.136482,0.633359,-0.827718,-0.263425,-0.555964,-1.310374,-0.471837,0.613917,-1.437138,-0.566394,-0.425456,-1.527589,-0.693579,0.460024,-1.612161,-0.786753
-0.519447,-1.730704,-0.691455,0.551946,-1.772707,-0.697056,-0.567033,-0.668123,-0.128035,0.632874,-0.82687,-0.261656,-0.555836,-1.311391,-0.47067,0.608391,-1.347798,-0.517888,-0.431553,-1.523192,-0.691714,0.466268,-1.53061,-0.759106
-0.515445,-1.729598,-0.686136,0.551596,-1.769636,-0.693698,-0.568646,-0.6741,-0.119738,0.634225,-0.82627,-0.25663,-0.555384,-1.312328,-0.466153,0.614311,-1.346434,-0.515786,-0.421,-1.511829,-0.681391,0.468752,-1.536678,-0.759231
-0.517435,-1.733398,-0.685252,0.515704,-1.839152,-0.718272,-0.561803,-0.672456,-0.130663,0.635741,-0.828188,-0.257978,-0.555548,-1.315718,-0.467664,0.616182,-1.44508,-0.560457,-0.427561,-1.522845,-0.686286,0.464199,-1.587895,-0.771939
-0.518251,-1.732799,-0.676413,0.554324,-1.773692,-0.688334,-0.559915,-0.674948,-0.129845,0.636218,-0.826925,-0.252882,-0.554323,-1.31425,-0.462455,0.615154,-1.351079,-0.504148,-0.431747,-1.532294,-0.688869,0.474926,-1.521974,-0.748679
-0.517788,-1.731172,-0.6719,0.552534,-1.771885,-0.686932,-0.556224,-0.677318,-0.134481,0.636925,-0.825505,-0.248477,-0.553807,-1.313502,-0.458693,0.613098,-1.348875,-0.501625,-0.418315,-1.525184,-0.677422,0.470973,-1.543371,-0.751187
-0.521484,-1.742313,-0.683442,0.552584,-1.773954,-0.690927,-0.55588,-0.669882,-0.141968,0.634439,-0.827171,-0.254426,-0.55587,-1.315897,-0.465056,0.609814,-1.35009,-0.507863,-0.429353,-1.529384,-0.687705,0.471031,-1.503055,-0.743536
-0.521691,-1.742444,-0.688553,0.572486,-1.778692,-0.680509,-0.554914,-0.664987,-0.146563,0.633046,-0.828368,-0.25932,-0.556315,-1.31803,-0.470202,0.614299,-1.354052,-0.506175,-0.429839,-1.53121,-0.691983,0.472055,-1.531636,-0.754253
-0.505416,-1.734212,-0.680886,0.628508,-1.849125,-0.636005,-0.546021,-0.66931,-0.145058,0.640673,-0.821325,-0.251006,-0.545087,-1.315573,-0.463255,0.669546,-1.448357,-0.532448,-0.420584,-1.522455,-0.68171,0.558778,-1.574345,-0.71703
-0.496536,-1.735229,-0.682094,0.787978,-1.789353,-0.593567,-0.539866,-0.677186,-0.143586,0.655081,-0.817468,-0.239173,-0.536128,-1.32049,-0.459223,0.748259,-1.344134,-0.458682,-0.425914,-1.538533,-0.699792,0.844789,-1.58967,-0.612671
-0.492759,-1.750239,-0.684715,1.02761,-1.828516,-0.587944,-0.539261,-0.689023,-0.145688,0.712255,-0.707342,-0.195723,-0.531414,-1.328206,-0.45949,0.916214,-1.410265,-0.476697,-0.41155,-1.540522,-0.687937,0.994341,-1.553014,-0.639459
-0.483885,-1.766244,-0.687533,1.335586,-1.688571,-0.545565,-0.538181,-0.707177,-0.152756,0.788338,-0.668265,-0.182547,-0.524816,-1.340866,-0.4612,1.105123,-1.267492,-0.427958,-0.405471,-1.557265,-0.695043,1.192934,-1.429545,-0.647002
-0.477154,-1.762501,-0.706833,1.636748,-1.44145,-0.514693,-0.53554,-0.723513,-0.160141,0.873083,-0.572562,-0.156354,-0.513247,-1.342412,-0.467422,1.301719,-1.055771,-0.38871,-0.389175,-1.556818,-0.695187,1.455137,-1.233438,-0.639536
-0.458388,-1.77834,-0.723461,1.964852,-1.169958,-0.500472,-0.527876,-0.723856,-0.177028,0.972916,-0.471395,-0.141685,-0.495633,-1.358075,-0.500367,1.581713,-0.910664,-0.388234,-0.383259,-1.574574,-0.73423,1.69545,-0.968647,-0.614991
-0.457837,-1.773601,-0.726727,2.115066,-0.809535,-0.43404,-0.526399,-0.724527,-0.18511,1.019734,-0.336991,-0.112714,-0.489016,-1.348307,-0.509722,1.683969,-0.63129,-0.337475,-0.364611,-1.570367,-0.735634,1.86206,-0.670616,-0.570313
-0.446931,-1.760501,-0.740665,2.14653,-0.440989,-0.395092,-0.521966,-0.713,-0.189746,1.100421,-0.243072,-0.106309,-0.480044,-1.339207,-0.52125,1.718627,-0.343439,-0.289047,-0.358056,-1.543915,-0.72447,1.965754,-0.353559,-0.504674
-0.449392,-1.738848,-0.739025,2.159527,-0.081038,-0.362593,-0.520525,-0.704577,-0.197623,1.101577,-0.135373,-0.077632,-0.477974,-1.328453,-0.525776,1.738294,-0.143754,-0.255842,-0.366049,-1.540175,-0.749893,1.980128,-0.047943,-0.474822
-0.451675,-1.749636,-0.746027,2.097312,0.392252,-0.293118,-0.52203,-0.702416,-0.206862,1.062953,-0.022834,-0.045073,-0.489008,-1.349668,-0.540619,1.751068,0.204551,-0.224151,-0.381914,-1.532271,-0.755983,1.897991,0.353745,-0.394155
-0.44486,-1.756001,-0.744676,2.101799,0.721185,-0.189854,-0.522222,-0.703728,-0.213787,1.070534,0.043689,-0.025921,-0.490582,-1.375731,-0.551831,1.665979,0.356389,-0.162683,-0.390296,-1.56502,-0.779375,1.821081,0.57994,-0.319451
-0.450448,-1.741634,-0.739639,1.940397,0.924137,-0.118702,-0.523418,-0.708487,-0.221426,1.07855,0.098445,-0.017121,-0.490263,-1.351054,-0.549288,1.507515,0.42213,-0.119127,-0.382768,-1.53809,-0.756668,1.704104,0.77493,-0.262462
-0.441253,-1.75231,-0.749582,1.781082,1.020491,-0.085309,-0.523358,-0.713092,-0.226296,1.07785,0.141502,-0.001635,-0.490378,-1.377099,-0.558999,1.56761,0.608999,-0.122661,-0.383397,-1.54376,-0.763639,1.579303,0.86456,-0.222222
-0.44139,-1.755263,-0.75001,1.575444,1.129492,-0.072506,-0.523007,-0.719221,-0.232338,1.069392,0.183927,0.003823,-0.490182,-1.370972,-0.55677,1.455164,0.703498,-0.093506,-0.384775,-1.544599,-0.761923,1.414455,0.990032,-0.180914
-0.432974,-1.755143,-0.750825,1.491758,1.171842,-0.069495,-0.521919,-0.721873,-0.235346,1.070016,0.208451,0.0073,-0.490949,-1.377903,-0.558485,1.402581,0.734434,-0.093114,-0.379755,-1.536783,-0.758715,1.337368,0.994284,-0.195742
-0.438301,-1.747423,-0.755681,1.457471,1.194591,-0.077732,-0.520495,-0.7249,-0.237355,1.066111,0.221609,0.008826,-0.491496,-1.362729,-0.550231,1.369949,0.749994,-0.091194,-0.386044,-1.532885,-0.763012,1.285202,1.054903,-0.181108
-0.432659,-1.749501,-0.765674,1.420585,1.191885,-0.12273,-0.518321,-0.72088,-0.243452,1.058495,0.227825,0.001468,-0.486253,-1.396596,-0.567642,1.345213,0.763654,-0.108588,-0.389651,-1.548763,-0.792227,1.26576,1.042422,-0.204299
-0.435155,-1.744273,-0.762529,1.434083,1.20274,-0.13363,-0.520592,-0.724077,-0.241045,1.055461,0.231635,-5.7e-05,-0.487196,-1.398384,-0.567254,1.339588,0.765327,-0.114427,-0.392726,-1.542712,-0.787833,1.285473,1.026542,-0.232121
-0.437,-1.741564,-0.759294,1.447596,1.177753,-0.168938,-0.522247,-0.725886,-0.239984,1.055324,0.2319,-0.002966,-0.488665,-1.399649,-0.567353,1.344566,0.762899,-0.126912,-0.393629,-1.543697,-0.782657,1.3057,1.03596,-0.24331
-0.447106,-1.720463,-0.758196,1.498152,1.165119,-0.187352,-0.522309,-0.730072,-0.239442,1.059895,0.226747,-0.009985,-0.491119,-1.341607,-0.543122,1.373426,0.746892,-0.149742,-0.390725,-1.51971,-0.77138,1.352641,1.021982,-0.269269
-0.44629,-1.731715,-0.750938,1.588982,1.13206,-0.20698,-0.523915,-0.727605,-0.23459,1.056816,0.193851,-0.017374,-0.494052,-1.354087,-0.5461,1.4258,0.717977,-0.175082,-0.385871,-1.517875,-0.759827,1.419145,0.974983,-0.291747
-0.448644,-1.732709,-0.74861,1.679064,1.052203,-0.25096,-0.524757,-0.720952,-0.232453,1.05262,0.167701,-0.027381,-0.49693,-1.397033,-0.561166,1.502116,0.667799,-0.213906,-0.371513,-1.515805,-0.739566,1.499078,0.898963,-0.328015
-0.452426,-1.732162,-0.745627,1.817452,0.960648,-0.270926,-0.525422,-0.727129,-0.232378,1.062671,0.140764,-0.037656,-0.497196,-1.402031,-0.564716,1.578178,0.556951,-0.237751,-0.387108,-1.501787,-0.743256,1.599825,0.818802,-0.356099
-0.465683,-1.726943,-0.742696,1.93872,0.83153,-0.283106,-0.528916,-0.728645,-0.226702,1.052583,0.090745,-0.044794,-0.498562,-1.344123,-0.545786,1.643883,0.490122,-0.256289,-0.348947,-1.516318,-0.722874,1.680023,0.693803,-0.383625
-0.470503,-1.72644,-0.746989,2.053107,0.671155,-0.295706,-0.533206,-0.707905,-0.219496,1.048476,0.038207,-0.05265,-0.503539,-1.360006,-0.550907,1.683842,0.374399,-0.25824,-0.372674,-1.516254,-0.736621,1.779401,0.567513,-0.393282
-0.478416,-1.731474,-0.737197,2.019367,0.405484,-0.343539,-0.539535,-0.721845,-0.2133,1.058701,-0.009416,-0.059824,-0.508521,-1.366378,-0.547823,1.636709,0.140477,-0.243387,-0.347701,-1.543806,-0.71745,1.838932,0.374652,-0.414874
-0.476322,-1.736135,-0.732215,2.061497,0.170111,-0.356921,-0.541529,-0.721755,-0.210871,1.055957,-0.060185,-0.072737,-0.515318,-1.371636,-0.541381,1.661932,0.017755,-0.262009,-0.351867,-1.543045,-0.714612,1.881349,0.182631,-0.459781
-0.483407,-1.756068,-0.722234,2.144395,-0.095538,-0.385912,-0.545436,-0.726725,-0.210356,1.058124,-0.142559,-0.079179,-0.520326,-1.381341,-0.543047,1.720822,-0.181564,-0.283025,-0.355434,-1.539856,-0.708777,1.917017,-0.039572,-0.486581
-0.494542,-1.760607,-0.737401,2.140449,-0.391807,-0.405628,-0.548001,-0.723587,-0.205756,1.041144,-0.239854,-0.093094,-0.526134,-1.38923,-0.540551,1.696467,-0.371559,-0.309088,-0.372564,-1.541709,-0.723951,1.930797,-0.285037,-0.522522
-0.497023,-1.783715,-0.737225,2.158225,-0.683817,-0.440152,-0.562293,-0.736928,-0.195377,1.036254,-0.334058,-0.110825,-0.539673,-1.407327,-0.542304,1.721273,-0.591516,-0.351288,-0.383633,-1.572396,-0.7369,1.917071,-0.545456,-0.541153
-0.503007,-1.801054,-0.742772,2.085203,-0.992354,-0.444337,-0.562829,-0.711082,-0.186589,1.018715,-0.426344,-0.12258,-0.545959,-1.423526,-0.54796,1.655786,-0.812559,-0.351698,-0.396329,-1.588318,-0.747677,1.841881,-0.795794,-0.551594
-0.511892,-1.820823,-0.742642,1.937712,-1.326805,-0.468822,-0.565192,-0.709937,-0.192028,0.968428,-0.525023,-0.133828,-0.550736,-1.442525,-0.558804,1.556257,-1.036609,-0.369502,-0.391937,-1.617319,-0.74685,1.742575,-1.055589,-0.543792
-0.516592,-1.833919,-0.749105,1.702928,-1.561621,-0.478764,-0.572601,-0.721907,-0.191496,0.896577,-0.572319,-0.131319,-0.552552,-1.431591,-0.551351,1.364996,-1.177654,-0.343492,-0.41537,-1.618626,-0.762357,1.528971,-1.255538,-0.562161
-0.506665,-1.844932,-0.749828,1.467265,-1.795683,-0.456275,-0.575493,-0.726688,-0.187154,0.859954,-0.674425,-0.134456,-0.555774,-1.444216,-0.550685,1.271935,-1.366391,-0.350856,-0.419932,-1.624105,-0.762158,1.397569,-1.4801,-0.544868
