-0.489409,-1.802741,-0.569309,0.475243,-1.771954,-0.803432,-0.537928,-0.676569,0.009754,0.613441,-0.732116,-0.241608,-0.594106,-1.33683,-0.367469,0.599125,-1.353282,-0.619579,-0.421793,-1.507389,-0.628861,0.6046,-1.574601,-0.790987
-0.495662,-1.800699,-0.564715,0.481454,-1.767562,-0.799046,-0.538459,-0.679854,0.01061,0.613599,-0.734006,-0.240284,-0.595914,-1.321064,-0.352234,0.599223,-1.355807,-0.618472,-0.422847,-1.507899,-0.625492,0.602598,-1.577177,-0.79788
-0.491828,-1.808267,-0.564517,0.481709,-1.766801,-0.801578,-0.5387,-0.683331,0.009042,0.613706,-0.734993,-0.24095,-0.591571,-1.339187,-0.365063,0.599263,-1.35729,-0.619404,-0.422333,-1.518068,-0.630714,0.605126,-1.564943,-0.794928
-0.492629,-1.819175,-0.557847,0.481888,-1.771065,-0.798067,-0.539009,-0.687223,0.007198,0.613861,-0.735057,-0.241278,-0.589142,-1.361148,-0.374095,0.599236,-1.358248,-0.619927,-0.497347,-1.576578,-0.655431,0.619927,-1.632795,-0.784346
-0.494307,-1.811582,-0.561035,0.481186,-1.770292,-0.800755,-0.538858,-0.689309,0.005677,0.613755,-0.735167,-0.241979,-0.592694,-1.330085,-0.355299,0.598335,-1.359545,-0.622084,-0.433438,-1.528647,-0.628477,0.618821,-1.546847,-0.776759
-0.499006,-1.809737,-0.558802,0.48482,-1.775062,-0.797036,-0.539349,-0.6905,0.005307,0.613863,-0.735493,-0.242397,-0.593101,-1.324069,-0.351393,0.598418,-1.360499,-0.622772,-0.431343,-1.508211,-0.61605,0.62384,-1.642262,-0.773174
-0.501123,-1.816487,-0.55874,0.481587,-1.770524,-0.80245,-0.539703,-0.692097,0.00455,0.613969,-0.736296,-0.242756,-0.591942,-1.334862,-0.356481,0.598327,-1.361639,-0.623411,-0.442785,-1.539582,-0.63317,0.60997,-1.593128,-0.795393
-0.500334,-1.811863,-0.55889,0.483532,-1.77543,-0.80267,-0.53962,-0.692274,0.004258,0.614227,-0.737095,-0.243057,-0.594229,-1.326049,-0.348583,0.59843,-1.361791,-0.623114,-0.442474,-1.536813,-0.631898,0.600957,-1.589525,-0.811346
-0.49624,-1.816846,-0.559333,0.481355,-1.770299,-0.803673,-0.539526,-0.69319,0.0033,0.614369,-0.736347,-0.243078,-0.592337,-1.336044,-0.355341,0.598425,-1.361253,-0.623349,-0.439305,-1.532953,-0.631241,0.618806,-1.577898,-0.785271
-0.498376,-1.822157,-0.552087,0.479567,-1.775613,-0.805836,-0.539171,-0.69354,0.003563,0.613965,-0.736366,-0.24237,-0.582651,-1.374769,-0.382134,0.598083,-1.360648,-0.622522,-0.442711,-1.566743,-0.646051,0.615894,-1.552228,-0.786606
-0.500004,-1.821456,-0.548902,0.484592,-1.772977,-0.800192,-0.539075,-0.69356,0.003081,0.613988,-0.736502,-0.242799,-0.592538,-1.338803,-0.356152,0.598235,-1.360337,-0.622661,-0.444821,-1.542171,-0.63526,0.603838,-1.548127,-0.794201
-0.506726,-1.82023,-0.549775,0.480715,-1.774752,-0.802239,-0.540032,-0.694739,0.002834,0.614199,-0.737828,-0.243106,-0.594592,-1.331815,-0.35301,0.59835,-1.362853,-0.623656,-0.448504,-1.577242,-0.649446,0.624575,-1.649322,-0.774035
-0.499974,-1.808276,-0.567286,0.475065,-1.791875,-0.799473,-0.540091,-0.695078,0.002421,0.614388,-0.737854,-0.243293,-0.596596,-1.322243,-0.344312,0.598543,-1.363495,-0.623939,-0.430405,-1.524948,-0.627772,0.612052,-1.61427,-0.802576
-0.501651,-1.806636,-0.568001,0.482666,-1.777172,-0.806067,-0.539692,-0.695644,0.001704,0.614341,-0.737596,-0.243696,-0.597182,-1.317425,-0.34078,0.598561,-1.363137,-0.624319,-0.434121,-1.521142,-0.62463,0.623176,-1.645527,-0.776768
-0.510472,-1.80763,-0.553931,0.480586,-1.778114,-0.799607,-0.539119,-0.694296,0.002594,0.6137,-0.735787,-0.242538,-0.597571,-1.316067,-0.339359,0.597918,-1.361047,-0.622839,-0.444081,-1.539111,-0.632752,0.622693,-1.643365,-0.774195
-0.510698,-1.81036,-0.551577,0.479858,-1.777327,-0.803497,-0.538963,-0.694932,0.002131,0.613621,-0.736685,-0.243095,-0.59517,-1.31659,-0.343332,0.597979,-1.360823,-0.623227,-0.442671,-1.536757,-0.632675,0.616111,-1.652238,-0.784169
-0.51007,-1.808788,-0.556448,0.482676,-1.775371,-0.803185,-0.538702,-0.695253,0.001447,0.613688,-0.736653,-0.243539,-0.592831,-1.317714,-0.346792,0.598127,-1.36073,-0.623472,-0.445006,-1.535416,-0.632493,0.604527,-1.625407,-0.804278
-0.506116,-1.811978,-0.556071,0.479997,-1.772399,-0.803178,-0.538403,-0.693893,0.003023,0.613721,-0.736981,-0.242674,-0.594604,-1.318248,-0.343743,0.598261,-1.36041,-0.62252,-0.442205,-1.535303,-0.632506,0.625419,-1.648377,-0.768662
-0.509301,-1.806137,-0.55645,0.472011,-1.775049,-0.810046,-0.537879,-0.693919,0.003193,0.615262,-0.736874,-0.241205,-0.594009,-1.314569,-0.343209,0.598714,-1.359875,-0.623067,-0.443733,-1.530666,-0.628324,0.615925,-1.583797,-0.806126
-0.516236,-1.796652,-0.556925,0.471692,-1.730306,-0.839425,-0.53745,-0.693413,0.002603,0.634607,-0.721302,-0.229135,-0.594576,-1.309701,-0.341711,0.607505,-1.361763,-0.654537,-0.44504,-1.531603,-0.630629,0.643459,-1.578493,-0.830109
-0.513046,-1.804392,-0.552847,0.568645,-1.56225,-0.954427,-0.539357,-0.682115,0.010691,0.699379,-0.652095,-0.20807,-0.596702,-1.310726,-0.34116,0.706234,-1.234669,-0.754981,-0.444937,-1.533641,-0.631496,0.660833,-1.342637,-1.01071
-0.511269,-1.803577,-0.56714,0.763439,-1.265681,-1.1316,-0.541031,-0.692267,0.005195,0.755785,-0.57628,-0.188536,-0.599791,-1.312246,-0.341985,0.886299,-0.953018,-0.674344,-0.440573,-1.535431,-0.636458,0.803826,-1.074596,-1.158939
-0.509564,-1.78856,-0.563876,1.142075,-0.625536,-1.323001,-0.538222,-0.686365,0.002391,1.000099,-0.523399,-0.242446,-0.59848,-1.297561,-0.338184,1.282236,-0.586763,-0.796062,-0.43357,-1.510542,-0.627925,1.109793,-0.465623,-1.196594
-0.504891,-1.764837,-0.573633,1.41252,-0.202496,-1.285459,-0.542153,-0.684652,0.004293,1.086588,-0.396728,-0.256373,-0.598882,-1.281172,-0.326108,1.373653,-0.263136,-0.839529,-0.42932,-1.467938,-0.614565,1.37457,-0.052546,-1.15408
-0.555217,-1.75854,-0.529522,1.645572,0.184014,-1.167802,-0.546511,-0.681838,0.002412,1.157012,-0.280572,-0.285174,-0.605698,-1.272829,-0.315138,1.536139,0.018,-0.794147,-0.537044,-1.471324,-0.620821,1.585515,0.304463,-1.01066
-0.532792,-1.721798,-0.557429,1.879794,0.573423,-0.949659,-0.548369,-0.672265,0.006385,1.209924,0.021935,-0.34438,-0.622207,-1.269479,-0.266191,1.673914,0.32539,-0.675965,-0.472495,-1.465093,-0.600354,1.764223,0.626946,-0.803694
-0.511292,-1.73645,-0.546793,1.974338,0.820497,-0.704334,-0.547779,-0.666307,0.010101,1.23176,0.175531,-0.342454,-0.606129,-1.280249,-0.304383,1.714281,0.493227,-0.551459,-0.447369,-1.474927,-0.599966,1.817942,0.763741,-0.550507
-0.539209,-1.607761,-0.590588,2.032103,0.845279,-0.593757,-0.545319,-0.658404,0.013153,1.221574,0.17718,-0.333147,-0.604689,-1.271141,-0.297825,1.74157,0.554446,-0.487864,-0.416587,-1.342304,-0.55167,1.846638,0.803095,-0.497908
-0.544817,-1.599384,-0.584617,2.04897,0.830088,-0.529981,-0.543768,-0.656624,0.016006,1.208982,0.204667,-0.321009,-0.605024,-1.2653,-0.289317,1.755009,0.577122,-0.433569,-0.417085,-1.349477,-0.552702,1.89364,0.866246,-0.386019
-0.567856,-1.602207,-0.56858,2.078964,0.769476,-0.494051,-0.542941,-0.654702,0.016587,1.182319,0.240763,-0.295698,-0.605341,-1.251885,-0.266721,1.844156,0.632188,-0.374722,-0.427561,-1.35163,-0.528122,1.912332,0.859442,-0.381734
-0.566683,-1.57388,-0.575315,2.098018,0.753067,-0.458641,-0.543308,-0.656612,0.014169,1.171552,0.24554,-0.286675,-0.651323,-1.225613,-0.090708,1.847556,0.611456,-0.346708,-0.501332,-1.320794,-0.497555,1.939412,0.826105,-0.348959
-0.562441,-1.572522,-0.582774,2.122286,0.729845,-0.436748,-0.54458,-0.652135,0.011357,1.166981,0.245283,-0.28079,-0.648204,-1.220269,-0.106695,1.862058,0.574537,-0.323903,-0.50291,-1.317517,-0.496928,1.94345,0.79158,-0.350243
-0.566614,-1.570911,-0.584123,2.119214,0.760709,-0.414931,-0.546427,-0.653372,0.010119,1.166731,0.244031,-0.278326,-0.651029,-1.222772,-0.099748,1.865107,0.567197,-0.319988,-0.477365,-1.313483,-0.486996,1.948799,0.811985,-0.35006
-0.554972,-1.57174,-0.584844,2.128273,0.685986,-0.436762,-0.548047,-0.654699,0.009301,1.169478,0.24153,-0.274898,-0.605964,-1.256383,-0.253448,1.870901,0.559344,-0.315706,-0.426371,-1.346465,-0.532935,1.961128,0.784917,-0.338458
-0.517515,-1.693031,-0.569034,2.117201,0.657699,-0.463906,-0.549404,-0.654133,0.008799,1.182749,0.225553,-0.268189,-0.605777,-1.26099,-0.259806,1.88059,0.541345,-0.316133,-0.430293,-1.431264,-0.586419,1.974913,0.764791,-0.353561
-0.555789,-1.596286,-0.579774,2.120953,0.648526,-0.476454,-0.551916,-0.661165,0.009289,1.214599,0.176435,-0.257741,-0.606633,-1.261615,-0.258141,1.905754,0.50154,-0.335311,-0.429979,-1.363911,-0.541219,1.975307,0.721424,-0.356998
-0.549022,-1.594123,-0.584746,2.060293,0.504656,-0.591814,-0.55416,-0.667988,0.009967,1.248346,0.055035,-0.221841,-0.604453,-1.265333,-0.267252,1.74295,0.313511,-0.360791,-0.426897,-1.358132,-0.543131,1.909952,0.559738,-0.444081
-0.555158,-1.576647,-0.586847,1.944063,0.34361,-0.706599,-0.556556,-0.669298,0.011139,1.217211,-0.150359,-0.15867,-0.605727,-1.25454,-0.255632,1.720615,0.14149,-0.453082,-0.42275,-1.342798,-0.538132,1.848656,0.430055,-0.65645
-0.503048,-1.570976,-0.602408,1.82291,0.030345,-0.859018,-0.553711,-0.670578,0.01113,1.147694,-0.340985,-0.104005,-0.634726,-1.257423,-0.128624,1.624777,-0.115668,-0.523432,-0.362977,-1.247937,-0.55151,1.728054,0.11342,-0.880901
-0.541976,-1.576731,-0.60756,1.654941,-0.383522,-1.006609,-0.55179,-0.678046,0.010456,1.073597,-0.477321,-0.088909,-0.598745,-1.274312,-0.268106,1.491679,-0.433445,-0.585104,-0.411109,-1.346348,-0.55939,1.553581,-0.333373,-0.946509
-0.53478,-1.582221,-0.610065,1.36744,-1.033818,-1.021029,-0.550754,-0.679776,0.011374,0.937822,-0.594278,-0.110151,-0.593775,-1.281389,-0.274837,1.222995,-0.896327,-0.558456,-0.403629,-1.340279,-0.563515,1.319404,-0.909025,-0.983681
-0.478541,-1.733666,-0.597225,1.102246,-1.378141,-0.929274,-0.550397,-0.680504,0.015239,0.872552,-0.663176,-0.145306,-0.590241,-1.280578,-0.288597,1.040361,-1.08229,-0.56363,-0.403716,-1.434127,-0.612197,1.134641,-1.225988,-0.95043
-0.472226,-1.741073,-0.606834,0.876444,-1.57138,-0.869201,-0.552721,-0.681807,0.015988,0.738743,-0.68118,-0.175877,-0.589272,-1.291102,-0.304156,0.885143,-1.194957,-0.545851,-0.404118,-1.434581,-0.617298,0.959696,-1.473594,-0.84614
-0.459041,-1.749387,-0.622542,0.712065,-1.663339,-0.822681,-0.553941,-0.682579,0.016661,0.679345,-0.723789,-0.200692,-0.570294,-1.369018,-0.376618,0.773654,-1.30809,-0.582192,-0.389926,-1.440719,-0.63909,0.78949,-1.509913,-0.797697
-0.510755,-1.715127,-0.602945,0.619569,-1.701027,-0.797729,-0.557954,-0.683284,0.018174,0.645151,-0.746354,-0.219703,-0.610608,-1.278078,-0.277198,0.701699,-1.302128,-0.559514,-0.414169,-1.429034,-0.609153,0.684589,-1.588309,-0.823162
-0.513201,-1.71877,-0.595894,0.569533,-1.720979,-0.798563,-0.558637,-0.683027,0.021053,0.628459,-0.751033,-0.22706,-0.602481,-1.285968,-0.317027,0.649246,-1.347196,-0.570381,-0.411484,-1.427683,-0.610782,0.653495,-1.543453,-0.731849
-0.522999,-1.72272,-0.590144,0.562422,-1.717041,-0.804096,-0.55857,-0.683235,0.021013,0.620269,-0.750499,-0.23004,-0.602907,-1.286752,-0.315354,0.635421,-1.353944,-0.570751,-0.413865,-1.425372,-0.606331,0.650905,-1.577059,-0.749828
-0.521163,-1.718295,-0.592218,0.570796,-1.722949,-0.805176,-0.56043,-0.686546,0.016907,0.61742,-0.752919,-0.235439,-0.604753,-1.290146,-0.317313,0.62986,-1.359371,-0.576102,-0.416082,-1.42909,-0.607775,0.655,-1.556785,-0.74877
-0.525601,-1.71636,-0.600054,0.569123,-1.721548,-0.804997,-0.559742,-0.686976,0.016745,0.616627,-0.754216,-0.237305,-0.604593,-1.291246,-0.317913,0.627758,-1.361789,-0.578312,-0.417621,-1.432874,-0.610685,0.660331,-1.620196,-0.775326
-0.526037,-1.715964,-0.599234,0.570587,-1.720079,-0.804843,-0.558305,-0.687601,0.016907,0.616605,-0.755071,-0.238083,-0.604621,-1.292267,-0.316248,0.62728,-1.362584,-0.57871,-0.419528,-1.414246,-0.594389,0.656313,-1.571564,-0.754061
-0.521233,-1.712046,-0.601348,0.578863,-1.713675,-0.803502,-0.553384,-0.686648,0.017407,0.617406,-0.752946,-0.238132,-0.602264,-1.288517,-0.314396,0.627899,-1.355805,-0.57641,-0.415826,-1.423443,-0.605205,0.662236,-1.530346,-0.74062
