-0.529685,-1.674184,-0.413944,0.459972,-1.718749,-0.644904,-0.600608,-0.68565,0.022231,0.644942,-0.734869,-0.288471,-0.613928,-1.276334,-0.269821,0.58812,-1.306481,-0.549332,-0.450825,-1.378225,-0.462694,0.3774,-1.411744,-0.687875
-0.534384,-1.676451,-0.408019,0.446946,-1.73152,-0.65079,-0.600722,-0.685748,0.021918,0.645043,-0.734904,-0.288782,-0.613657,-1.277244,-0.270361,0.588195,-1.306593,-0.549519,-0.450012,-1.370297,-0.457547,0.37224,-1.417702,-0.692352
-0.529595,-1.684207,-0.409546,0.449909,-1.711018,-0.653277,-0.600579,-0.684785,0.021893,0.645183,-0.734846,-0.289405,-0.612967,-1.278105,-0.271266,0.587895,-1.306441,-0.549889,-0.451131,-1.36726,-0.456702,0.36921,-1.432876,-0.701066
-0.534124,-1.684538,-0.409662,0.466804,-1.66323,-0.649542,-0.601136,-0.685047,0.021386,0.645335,-0.735119,-0.289447,-0.612116,-1.280977,-0.273344,0.58787,-1.306712,-0.550071,-0.449602,-1.37663,-0.460439,0.377102,-1.411097,-0.690114
-0.528001,-1.684503,-0.412957,0.452704,-1.729993,-0.648154,-0.60155,-0.684414,0.021497,0.645488,-0.735083,-0.289338,-0.611622,-1.282584,-0.274005,0.587936,-1.306752,-0.550003,-0.44798,-1.41924,-0.479791,0.367928,-1.444771,-0.704982
-0.529364,-1.682828,-0.413476,0.455461,-1.708765,-0.648966,-0.601652,-0.68468,0.020516,0.645198,-0.734765,-0.289523,-0.611354,-1.28241,-0.274109,0.58773,-1.306217,-0.55015,-0.45115,-1.415264,-0.473698,0.371783,-1.421323,-0.693797
-0.524536,-1.680218,-0.419557,0.464,-1.714869,-0.648004,-0.601252,-0.685351,0.018961,0.64454,-0.7338,-0.289531,-0.609962,-1.281676,-0.274427,0.587235,-1.304466,-0.55003,-0.445296,-1.417858,-0.481777,0.378187,-1.409097,-0.686375
-0.528431,-1.680354,-0.410216,0.471865,-1.695504,-0.644913,-0.600797,-0.685488,0.01822,0.644462,-0.733295,-0.289904,-0.60905,-1.281424,-0.274435,0.587268,-1.303697,-0.549807,-0.448209,-1.39093,-0.468054,0.377714,-1.428353,-0.694521
-0.533981,-1.649558,-0.412786,0.451693,-1.718023,-0.651627,-0.601,-0.685099,0.018072,0.644578,-0.732909,-0.290647,-0.617555,-1.249171,-0.261847,0.58715,-1.303428,-0.549907,-0.452444,-1.346556,-0.445826,0.373086,-1.419169,-0.691861
-0.524937,-1.670941,-0.413287,0.442645,-1.730454,-0.658004,-0.600865,-0.684735,0.018066,0.644743,-0.732629,-0.290557,-0.610757,-1.267563,-0.270204,0.587347,-1.303147,-0.54967,-0.448134,-1.363605,-0.455792,0.370389,-1.426585,-0.695112
-0.514639,-1.711652,-0.413432,0.446607,-1.717596,-0.65382,-0.601738,-0.686027,0.01871,0.644964,-0.732067,-0.290145,-0.600442,-1.311203,-0.286963,0.587354,-1.303482,-0.548276,-0.444639,-1.386859,-0.470341,0.370942,-1.427547,-0.692917
-0.521291,-1.711474,-0.414083,0.449196,-1.729027,-0.652503,-0.601912,-0.68649,0.019124,0.644426,-0.732011,-0.2895,-0.60217,-1.305421,-0.28313,0.587222,-1.303398,-0.547761,-0.445149,-1.404999,-0.470801,0.367467,-1.43393,-0.696268
-0.513357,-1.722554,-0.408601,0.436941,-1.739059,-0.656389,-0.602601,-0.686933,0.018989,0.644812,-0.73149,-0.288193,-0.600162,-1.317277,-0.287163,0.587717,-1.303668,-0.546412,-0.443679,-1.400919,-0.475037,0.365772,-1.440322,-0.697796
-0.511894,-1.720505,-0.41365,0.440919,-1.739693,-0.653927,-0.60269,-0.686413,0.018806,0.644546,-0.731649,-0.287451,-0.599622,-1.32026,-0.289801,0.587805,-1.303796,-0.545729,-0.443504,-1.396626,-0.46741,0.364407,-1.440717,-0.699501
-0.511006,-1.718835,-0.418134,0.444977,-1.74903,-0.649156,-0.602504,-0.688011,0.01729,0.644642,-0.731885,-0.286608,-0.598618,-1.323729,-0.29102,0.588621,-1.304408,-0.544404,-0.443524,-1.418132,-0.476671,0.365208,-1.438541,-0.696432
-0.51251,-1.712539,-0.416173,0.442601,-1.748995,-0.652406,-0.601737,-0.688956,0.014716,0.64548,-0.730791,-0.285608,-0.600727,-1.31228,-0.287384,0.589961,-1.303502,-0.542686,-0.442961,-1.398459,-0.471263,0.372183,-1.424741,-0.68915
-0.514775,-1.701025,-0.414238,0.421733,-1.781046,-0.669026,-0.599693,-0.689118,0.012913,0.646741,-0.729505,-0.284087,-0.599713,-1.303763,-0.284705,0.591918,-1.301814,-0.540262,-0.441837,-1.411965,-0.475028,0.368446,-1.441577,-0.694066
-0.51061,-1.697426,-0.420232,0.440475,-1.77708,-0.655756,-0.596916,-0.690773,0.008005,0.649401,-0.729086,-0.282869,-0.598005,-1.300386,-0.283542,0.595665,-1.30166,-0.538363,-0.437973,-1.407436,-0.475756,0.37608,-1.446993,-0.695763
-0.512917,-1.669184,-0.423009,0.510824,-1.791308,-0.633811,-0.593668,-0.691936,0.005459,0.657046,-0.731152,-0.280425,-0.605601,-1.260846,-0.270803,0.613856,-1.305952,-0.534665,-0.437671,-1.362006,-0.459265,0.392116,-1.529748,-0.713108
-0.510038,-1.673935,-0.423829,0.653834,-1.759719,-0.634703,-0.592114,-0.696159,0.002461,0.674864,-0.730133,-0.271859,-0.601316,-1.273702,-0.27632,0.715469,-1.301474,-0.535997,-0.431835,-1.364436,-0.457007,0.628872,-1.518181,-0.730625
-0.515241,-1.67116,-0.431614,0.963204,-1.637426,-0.611638,-0.590734,-0.707528,-0.005555,0.747353,-0.684926,-0.261311,-0.608051,-1.279093,-0.279942,0.906773,-1.22633,-0.545525,-0.433103,-1.367313,-0.464389,0.799351,-1.470214,-0.745279
-0.505063,-1.667377,-0.450025,1.330076,-1.408966,-0.687761,-0.58333,-0.71986,-0.017677,0.863173,-0.609547,-0.271647,-0.604905,-1.290408,-0.293177,1.137243,-1.101201,-0.553594,-0.427951,-1.363502,-0.464812,1.0366,-1.315272,-0.819725
-0.490304,-1.672347,-0.467291,1.61682,-1.128156,-0.691766,-0.570249,-0.731062,-0.029899,0.963227,-0.442972,-0.256213,-0.595525,-1.297932,-0.306122,1.343367,-0.844199,-0.548515,-0.413765,-1.390018,-0.4833,1.344287,-1.101478,-0.766126
-0.476651,-1.680194,-0.478014,1.876837,-0.758139,-0.684115,-0.55319,-0.751526,-0.045592,1.033318,-0.249252,-0.242535,-0.579251,-1.315137,-0.322086,1.500801,-0.551252,-0.514798,-0.39823,-1.395984,-0.492651,1.679202,-0.807029,-0.709465
-0.469702,-1.669451,-0.484516,1.939905,-0.427399,-0.643635,-0.54495,-0.761907,-0.057384,1.121774,-0.086475,-0.24741,-0.568642,-1.322095,-0.331887,1.652082,-0.257774,-0.49987,-0.39285,-1.376348,-0.487087,1.816591,-0.486222,-0.675142
-0.456882,-1.701567,-0.481648,1.98846,-0.034075,-0.592175,-0.532808,-0.762569,-0.063222,1.156668,0.046703,-0.233325,-0.553342,-1.317114,-0.337637,1.714229,0.005198,-0.458628,-0.378655,-1.420684,-0.512372,1.954894,-0.140734,-0.632228
-0.45329,-1.717613,-0.487939,2.028111,0.26742,-0.575416,-0.527604,-0.776196,-0.070447,1.166963,0.181596,-0.223396,-0.551365,-1.333474,-0.346176,1.72703,0.245516,-0.439471,-0.376762,-1.503306,-0.546492,2.005553,0.123899,-0.586476
-0.442489,-1.733334,-0.491544,2.04442,0.44686,-0.560843,-0.513371,-0.794219,-0.077326,1.146685,0.255025,-0.209615,-0.543423,-1.347676,-0.346315,1.692771,0.377107,-0.416919,-0.366695,-1.451456,-0.515037,2.000274,0.297446,-0.579523
-0.432711,-1.736741,-0.490912,2.013226,0.559784,-0.547536,-0.502186,-0.799114,-0.080874,1.132776,0.31457,-0.197723,-0.536224,-1.351311,-0.346473,1.668919,0.472955,-0.397202,-0.36458,-1.467455,-0.512585,1.996545,0.409484,-0.566708
-0.422388,-1.743672,-0.494882,1.986722,0.615604,-0.541051,-0.493178,-0.812461,-0.085685,1.135348,0.352133,-0.197522,-0.532328,-1.363217,-0.350645,1.662679,0.532015,-0.397777,-0.358556,-1.466533,-0.513998,1.975151,0.46727,-0.572995
-0.422181,-1.672922,-0.500026,1.964159,0.634555,-0.534341,-0.483653,-0.813248,-0.089054,1.129261,0.366774,-0.200421,-0.526479,-1.362061,-0.350759,1.651489,0.554464,-0.398149,-0.344417,-1.416753,-0.48461,1.956615,0.509073,-0.519555
-0.412622,-1.675841,-0.495684,1.981803,0.645616,-0.509608,-0.475239,-0.81068,-0.090936,1.122999,0.373256,-0.201432,-0.51716,-1.356835,-0.349211,1.641034,0.561636,-0.398488,-0.334973,-1.384708,-0.467577,1.895935,0.529707,-0.481607
-0.413248,-1.672274,-0.49274,1.981119,0.619919,-0.540506,-0.469598,-0.817932,-0.092699,1.120867,0.375265,-0.202581,-0.512309,-1.362915,-0.349889,1.636962,0.563694,-0.400973,-0.334117,-1.392652,-0.479448,1.928346,0.504412,-0.540237
-0.405295,-1.740142,-0.484274,1.964165,0.606592,-0.570382,-0.467229,-0.821363,-0.092368,1.119949,0.373921,-0.203891,-0.511472,-1.366366,-0.348477,1.635975,0.559746,-0.4047,-0.339668,-1.468501,-0.502168,1.949864,0.49095,-0.500331
-0.421142,-1.670387,-0.489175,2.026883,0.535646,-0.552804,-0.469181,-0.826914,-0.09161,1.115503,0.350355,-0.209695,-0.518342,-1.373593,-0.348255,1.641863,0.501943,-0.421634,-0.340657,-1.425572,-0.485822,1.890103,0.545444,-0.676015
-0.423904,-1.746402,-0.47585,2.004759,0.370581,-0.60957,-0.470378,-0.828832,-0.089265,1.104472,0.274977,-0.215134,-0.522201,-1.377375,-0.347027,1.642213,0.385226,-0.433559,-0.36008,-1.488361,-0.50602,1.89658,0.411285,-0.674875
-0.425205,-1.750173,-0.481504,1.967463,0.153482,-0.630185,-0.471173,-0.830996,-0.087333,1.110903,0.165845,-0.221495,-0.524877,-1.382114,-0.346596,1.661406,0.192139,-0.447055,-0.368383,-1.506598,-0.514267,1.920495,0.14143,-0.705807
-0.427739,-1.756014,-0.484924,1.90024,-0.132514,-0.656815,-0.472775,-0.833354,-0.084286,1.119193,0.039052,-0.228826,-0.526934,-1.38638,-0.347652,1.664769,-0.048197,-0.46597,-0.365331,-1.4959,-0.505563,1.780612,-0.08847,-0.700248
-0.444301,-1.679047,-0.485885,1.952123,-0.496144,-0.61064,-0.474695,-0.83397,-0.083097,1.109156,-0.100397,-0.248011,-0.528927,-1.388353,-0.348314,1.611138,-0.333223,-0.496067,-0.352271,-1.413837,-0.471805,1.793158,-0.432221,-0.760456
-0.422053,-1.776053,-0.479891,1.840853,-0.840442,-0.678228,-0.477842,-0.830783,-0.081774,1.072262,-0.25268,-0.258573,-0.51191,-1.385965,-0.350535,1.505464,-0.596404,-0.515638,-0.346927,-1.494517,-0.519738,1.64508,-0.707931,-0.831021
-0.4262,-1.765593,-0.477031,1.629017,-1.139694,-0.72016,-0.481028,-0.822303,-0.079451,1.030711,-0.396328,-0.274272,-0.510735,-1.376111,-0.349732,1.390833,-0.809009,-0.545612,-0.348156,-1.478417,-0.515814,1.466617,-0.934554,-0.842802
-0.437157,-1.706694,-0.464019,1.382742,-1.326746,-0.716424,-0.490326,-0.769309,-0.064403,0.948451,-0.468857,-0.267502,-0.518634,-1.318089,-0.333943,1.231463,-0.927988,-0.548779,-0.357216,-1.417644,-0.49728,1.285319,-1.08614,-0.832767
-0.44973,-1.711897,-0.461519,1.1856,-1.508878,-0.710921,-0.500342,-0.769153,-0.063343,0.887779,-0.569046,-0.285066,-0.538492,-1.319975,-0.335301,1.111713,-1.074426,-0.567835,-0.367141,-1.423486,-0.497766,1.124709,-1.253178,-0.844821
-0.481383,-1.711414,-0.448703,0.946107,-1.687204,-0.665722,-0.531009,-0.750587,-0.046297,0.808515,-0.641706,-0.27586,-0.560593,-1.315335,-0.318474,0.942782,-1.229936,-0.562201,-0.383777,-1.43082,-0.49801,0.908398,-1.413934,-0.837238
-0.48787,-1.699317,-0.433795,0.78102,-1.719935,-0.673665,-0.540166,-0.734109,-0.037708,0.758419,-0.679795,-0.271685,-0.56333,-1.297091,-0.309756,0.816519,-1.26271,-0.533286,-0.391156,-1.398344,-0.487475,0.769552,-1.451986,-0.777371
-0.495451,-1.753148,-0.42589,0.659823,-1.750699,-0.653032,-0.553749,-0.727466,-0.029774,0.721068,-0.710834,-0.277473,-0.553644,-1.36703,-0.329144,0.736055,-1.287615,-0.520663,-0.394229,-1.495907,-0.519676,0.642269,-1.481428,-0.762428
-0.507189,-1.729421,-0.415372,0.577431,-1.757243,-0.63816,-0.562129,-0.714133,-0.023262,0.692001,-0.716393,-0.278322,-0.568746,-1.324071,-0.309183,0.68383,-1.290376,-0.520995,-0.411656,-1.408098,-0.486238,0.550094,-1.475982,-0.757528
-0.505639,-1.71528,-0.420254,0.513765,-1.757579,-0.631669,-0.572448,-0.709128,-0.017159,0.677986,-0.718221,-0.277867,-0.58023,-1.317624,-0.304392,0.646644,-1.290562,-0.525425,-0.419505,-1.42244,-0.489061,0.424576,-1.456758,-0.689305
-0.50261,-1.701714,-0.41742,0.459436,-1.738555,-0.635632,-0.568508,-0.699614,-0.016024,0.66888,-0.712119,-0.277709,-0.576831,-1.303853,-0.301668,0.621311,-1.277829,-0.527135,-0.417811,-1.411887,-0.486156,0.416472,-1.478339,-0.723166
-0.521354,-1.720849,-0.417462,0.452182,-1.764232,-0.654543,-0.580096,-0.708768,-0.01415,0.672,-0.724141,-0.281868,-0.589097,-1.321701,-0.303931,0.614779,-1.296952,-0.534523,-0.429598,-1.419361,-0.488751,0.391629,-1.478005,-0.708303
-0.513984,-1.710709,-0.41343,0.444404,-1.755185,-0.644687,-0.584189,-0.702523,-0.014404,0.660485,-0.718486,-0.281944,-0.593493,-1.312857,-0.303326,0.600261,-1.288041,-0.533239,-0.432121,-1.388355,-0.476981,0.386898,-1.469667,-0.707328
