-0.471218,-1.92612,-0.835939,0.552234,-1.998574,-0.813862,-0.584551,-0.756719,-0.149431,0.55907,-0.781296,-0.297896,-0.499343,-1.524244,-0.624226,0.610017,-1.523788,-0.640723,-0.361468,-1.573361,-0.80502,0.416046,-1.699567,-0.851918
-0.468488,-1.914547,-0.828393,0.550543,-1.985222,-0.810978,-0.578075,-0.751464,-0.146608,0.558472,-0.776425,-0.294403,-0.495248,-1.515232,-0.617396,0.609132,-1.515517,-0.635799,-0.348441,-1.626168,-0.822093,0.41815,-1.728498,-0.851372
-0.470228,-1.920496,-0.834149,0.549712,-1.992969,-0.812224,-0.58175,-0.753371,-0.148405,0.558668,-0.779224,-0.296752,-0.498792,-1.519843,-0.620446,0.60912,-1.519442,-0.638494,-0.355766,-1.596883,-0.812294,0.417619,-1.731903,-0.854096
-0.469491,-1.901433,-0.840884,0.550513,-1.995515,-0.815442,-0.58388,-0.754064,-0.149818,0.558065,-0.780572,-0.298077,-0.55554,-1.438221,-0.54657,0.608403,-1.520857,-0.638908,-0.391604,-1.552151,-0.795312,0.416883,-1.73599,-0.857274
-0.44001,-1.986729,-0.833462,0.54999,-1.990148,-0.816096,-0.580121,-0.752805,-0.147962,0.559064,-0.778968,-0.295295,-0.489041,-1.514019,-0.62657,0.609377,-1.518425,-0.635576,-0.328709,-1.686842,-0.845825,0.420146,-1.74586,-0.85639
-0.469377,-1.923605,-0.839345,0.550076,-1.996658,-0.81579,-0.583556,-0.755142,-0.151229,0.557893,-0.781429,-0.297791,-0.501098,-1.522277,-0.626004,0.608899,-1.524525,-0.640229,-0.356507,-1.591446,-0.814094,0.416829,-1.735816,-0.856183
-0.473623,-1.926784,-0.841015,0.54929,-1.999174,-0.82036,-0.58516,-0.755874,-0.151972,0.558183,-0.782867,-0.298575,-0.502751,-1.524802,-0.62654,0.609274,-1.528892,-0.642631,-0.347231,-1.691187,-0.849086,0.416759,-1.725827,-0.856328
-0.473548,-1.928953,-0.839688,0.551499,-2.002328,-0.816041,-0.586325,-0.756872,-0.153405,0.557085,-0.785606,-0.300058,-0.504532,-1.526553,-0.627732,0.608925,-1.529718,-0.643142,-0.35851,-1.60745,-0.818295,0.415019,-1.71438,-0.853348
-0.473098,-1.922358,-0.83272,0.54858,-1.996229,-0.812707,-0.582626,-0.753679,-0.150716,0.557278,-0.78283,-0.297095,-0.501269,-1.520678,-0.623818,0.608945,-1.525808,-0.64004,-0.354153,-1.616931,-0.819509,0.417663,-1.741388,-0.853766
-0.472716,-1.934706,-0.840228,0.549824,-1.998857,-0.813106,-0.585259,-0.755366,-0.152661,0.556253,-0.78442,-0.298745,-0.50803,-1.525789,-0.623562,0.607721,-1.526034,-0.639846,-0.361234,-1.592336,-0.811775,0.418661,-1.785179,-0.860363
-0.47517,-1.935371,-0.842172,0.548834,-2.000722,-0.816209,-0.586128,-0.756311,-0.154936,0.555649,-0.785009,-0.299824,-0.511695,-1.529011,-0.623447,0.607051,-1.528344,-0.641901,-0.365182,-1.59568,-0.815357,0.416189,-1.771942,-0.862802
-0.476724,-1.930877,-0.837107,0.550678,-2.003394,-0.813386,-0.588755,-0.755218,-0.153222,0.555375,-0.786278,-0.300442,-0.513277,-1.528225,-0.622928,0.608281,-1.528704,-0.640649,-0.362451,-1.606091,-0.818858,0.415915,-1.801101,-0.869497
-0.469415,-1.921367,-0.831502,0.570395,-1.998581,-0.772855,-0.581535,-0.75124,-0.1507,0.559623,-0.783464,-0.293698,-0.505854,-1.520358,-0.618261,0.619511,-1.5447,-0.630278,-0.357499,-1.597774,-0.812453,0.424765,-1.772852,-0.852176
-0.474397,-1.931561,-0.836873,0.63465,-2.003686,-0.720723,-0.583203,-0.753279,-0.151784,0.592367,-0.795125,-0.271648,-0.506106,-1.522257,-0.621152,0.663867,-1.541827,-0.577961,-0.35196,-1.63562,-0.822236,0.469992,-1.775692,-0.778041
-0.458582,-1.893898,-0.823116,0.910282,-1.944733,-0.613758,-0.582708,-0.742645,-0.137483,0.690539,-0.783878,-0.20772,-0.551094,-1.442997,-0.533866,0.870996,-1.511231,-0.484571,-0.381359,-1.522885,-0.771239,0.769814,-1.770175,-0.6689
-0.452681,-1.895956,-0.812928,1.143791,-1.856405,-0.569757,-0.580896,-0.733379,-0.128452,0.778508,-0.721175,-0.162204,-0.540288,-1.436585,-0.534035,1.061175,-1.444482,-0.439617,-0.366714,-1.545406,-0.77125,1.065946,-1.701819,-0.659491
-0.440916,-1.868203,-0.807692,1.546886,-1.577752,-0.488276,-0.577646,-0.731229,-0.132069,0.952649,-0.589498,-0.111605,-0.488631,-1.474515,-0.596356,1.326577,-1.163797,-0.354458,-0.322112,-1.64384,-0.813493,1.552311,-1.349339,-0.463969
-0.437977,-1.849556,-0.799347,1.783799,-1.311275,-0.422158,-0.573453,-0.728884,-0.137183,1.024013,-0.47389,-0.083062,-0.482393,-1.462652,-0.594186,1.450267,-0.896231,-0.279508,-0.330842,-1.537125,-0.772868,1.679294,-1.040017,-0.361616
-0.431855,-1.834398,-0.802257,1.946791,-1.0591,-0.368909,-0.571345,-0.731831,-0.143967,1.094215,-0.363505,-0.05489,-0.478883,-1.456867,-0.594525,1.572108,-0.721064,-0.225265,-0.324217,-1.539537,-0.770423,1.899981,-0.863627,-0.330806
-0.415311,-1.931737,-0.801767,2.073032,-0.818065,-0.309687,-0.582094,-0.741719,-0.15583,1.141237,-0.244249,-0.034278,-0.5764,-1.542208,-0.424914,1.676132,-0.510699,-0.182389,-0.403519,-1.690452,-0.822082,2.009202,-0.622227,-0.304458
-0.536982,-1.721507,-0.527207,2.089295,-0.597985,-0.218908,-0.563197,-0.733634,-0.150318,1.159145,-0.125368,-0.00317,-0.548916,-1.304188,-0.381827,1.705462,-0.3267,-0.133778,-0.487317,-1.414081,-0.633664,2.059191,-0.385388,-0.256977
-0.520368,-1.696864,-0.520851,2.109728,-0.354887,-0.155915,-0.552521,-0.739153,-0.153861,1.165464,-0.00026,0.010376,-0.53983,-1.296292,-0.379001,1.784154,-0.164015,-0.114655,-0.493446,-1.416766,-0.633665,2.032617,-0.115445,-0.234496
-0.517685,-1.696914,-0.475774,2.123845,-0.244896,-0.108829,-0.545765,-0.745404,-0.158749,1.140719,0.07428,0.018477,-0.532889,-1.298208,-0.382232,1.775914,-0.01639,-0.097933,-0.482419,-1.410121,-0.614041,2.030242,0.014999,-0.212582
-0.508878,-1.687964,-0.497472,2.120163,-0.093988,-0.126265,-0.53982,-0.750145,-0.163328,1.14088,0.118623,0.018921,-0.528195,-1.302677,-0.380699,1.772429,0.063387,-0.096326,-0.47661,-1.402296,-0.60732,2.007188,0.130424,-0.199038
-0.51019,-1.697245,-0.453846,2.121745,0.028691,-0.126434,-0.535847,-0.751788,-0.162219,1.138513,0.150615,0.014325,-0.522845,-1.302242,-0.378005,1.786443,0.125958,-0.097713,-0.475205,-1.408371,-0.603833,2.011723,0.23076,-0.171909
-0.505089,-1.69174,-0.464892,2.110022,0.116922,-0.156854,-0.53093,-0.752472,-0.162708,1.133122,0.170104,0.00748,-0.519653,-1.302862,-0.375737,1.7886,0.174742,-0.10856,-0.475179,-1.408945,-0.601104,1.978581,0.283533,-0.181964
-0.446277,-1.677108,-0.683699,2.099292,0.141924,-0.192747,-0.526702,-0.752818,-0.158853,1.124017,0.187438,-0.00683,-0.522478,-1.357307,-0.358189,1.78653,0.21047,-0.12472,-0.387234,-1.394686,-0.627613,1.987293,0.324905,-0.214736
-0.503097,-1.700958,-0.435685,2.10367,0.153262,-0.200208,-0.522156,-0.752795,-0.156009,1.12367,0.19487,-0.014827,-0.512912,-1.305912,-0.353715,1.78513,0.220152,-0.13595,-0.47197,-1.427823,-0.585618,1.975207,0.317141,-0.24086
-0.499917,-1.707257,-0.454308,2.088348,0.16579,-0.233776,-0.51845,-0.754505,-0.155165,1.124582,0.196905,-0.024101,-0.524488,-1.339864,-0.308884,1.782504,0.222059,-0.14798,-0.485498,-1.404318,-0.559521,1.977929,0.315197,-0.223212
-0.498955,-1.703107,-0.443138,2.104177,0.133527,-0.234052,-0.514994,-0.754709,-0.152985,1.124912,0.195234,-0.029828,-0.523013,-1.335148,-0.299605,1.78413,0.217627,-0.155595,-0.475097,-1.406522,-0.544166,1.979368,0.291064,-0.237223
-0.50045,-1.710897,-0.43794,2.117464,0.08923,-0.234565,-0.51315,-0.754995,-0.150056,1.124289,0.190413,-0.035876,-0.523252,-1.343959,-0.298695,1.786483,0.198293,-0.167053,-0.482395,-1.441902,-0.552812,1.98664,0.242602,-0.262677
-0.502346,-1.723522,-0.438651,2.122064,0.044158,-0.228551,-0.513184,-0.756382,-0.146323,1.125567,0.181641,-0.039473,-0.526577,-1.359474,-0.278768,1.785104,0.170095,-0.17391,-0.49404,-1.482122,-0.559046,1.987413,0.202946,-0.280063
-0.502965,-1.720068,-0.442092,2.113428,0.005645,-0.245375,-0.51344,-0.756713,-0.143977,1.126448,0.168045,-0.041324,-0.52661,-1.359362,-0.28019,1.780525,0.131536,-0.178741,-0.493604,-1.467685,-0.555013,1.975582,0.166418,-0.256188
-0.507455,-1.757024,-0.425847,2.096131,-0.142841,-0.256941,-0.513325,-0.756938,-0.144596,1.12679,0.138155,-0.043202,-0.525355,-1.379111,-0.298679,1.750582,0.062858,-0.186927,-0.494989,-1.518403,-0.557945,2.001014,0.027276,-0.351328
-0.495029,-1.731846,-0.434493,2.073567,-0.308104,-0.301962,-0.513158,-0.758846,-0.147219,1.13495,0.068574,-0.051742,-0.480259,-1.378938,-0.470923,1.666613,-0.088837,-0.19534,-0.457944,-1.48907,-0.627188,1.98643,-0.125504,-0.384463
-0.511374,-1.643747,-0.28458,2.058196,-0.469021,-0.343702,-0.513192,-0.763157,-0.14961,1.142494,-0.020143,-0.064433,-0.521704,-1.374141,-0.293069,1.704044,-0.260903,-0.245553,-0.510785,-1.39369,-0.44476,1.93825,-0.324434,-0.453434
-0.501097,-1.64177,-0.359033,1.964001,-0.712841,-0.42505,-0.511747,-0.766711,-0.15222,1.115923,-0.137841,-0.072778,-0.511608,-1.331714,-0.366486,1.612387,-0.396783,-0.264279,-0.470674,-1.368051,-0.521015,1.855088,-0.560714,-0.520299
-0.502413,-1.660969,-0.339032,1.864903,-0.944848,-0.498265,-0.51353,-0.771483,-0.15003,1.080892,-0.258723,-0.083473,-0.514079,-1.346276,-0.366931,1.546563,-0.575362,-0.30342,-0.481317,-1.429599,-0.523185,1.75424,-0.792093,-0.596296
-0.535421,-1.574257,-0.345747,1.617036,-1.288609,-0.599229,-0.517356,-0.777435,-0.144848,1.001119,-0.457234,-0.101748,-0.528659,-1.40093,-0.278878,1.385803,-0.864741,-0.369817,-0.511292,-1.378633,-0.464971,1.525342,-1.083007,-0.71751
-0.501948,-1.770374,-0.477431,1.345975,-1.533147,-0.685744,-0.529401,-0.75972,-0.127134,0.890292,-0.598697,-0.123739,-0.469807,-1.403514,-0.495035,1.240208,-1.116069,-0.429069,-0.438907,-1.493471,-0.644559,1.307733,-1.345059,-0.778807
-0.352497,-1.71609,-0.762006,1.178968,-1.662122,-0.714791,-0.54122,-0.75146,-0.117612,0.819038,-0.678693,-0.134545,-0.325696,-1.349439,-0.600925,1.104462,-1.222701,-0.443194,-0.21078,-1.455322,-0.751434,1.181707,-1.490771,-0.747973
-0.417189,-1.857174,-0.785894,1.015076,-1.813377,-0.701621,-0.561158,-0.747571,-0.109103,0.768191,-0.737622,-0.149028,-0.501382,-1.405845,-0.489823,1.02721,-1.403498,-0.511107,-0.339791,-1.549242,-0.752572,0.967418,-1.814806,-0.532562
-0.430246,-1.915599,-0.788496,0.889848,-1.859984,-0.734397,-0.580428,-0.750506,-0.109363,0.71659,-0.801144,-0.176884,-0.518956,-1.44859,-0.515179,0.831958,-1.38924,-0.478311,-0.363059,-1.53599,-0.74866,0.805828,-1.729681,-0.744292
-0.438233,-1.928111,-0.794918,0.7673,-1.960139,-0.730455,-0.587176,-0.753749,-0.114518,0.666182,-0.839761,-0.204596,-0.528261,-1.4619,-0.522499,0.776263,-1.523118,-0.533893,-0.365177,-1.552839,-0.758273,0.703664,-1.763143,-0.793224
-0.443635,-1.928733,-0.807133,0.677337,-2.000879,-0.740206,-0.586641,-0.752437,-0.121454,0.613044,-0.85346,-0.233696,-0.534881,-1.462489,-0.526394,0.714719,-1.568897,-0.565178,-0.372774,-1.54691,-0.762915,0.541097,-1.857498,-0.671185
-0.449821,-1.928933,-0.800876,0.604424,-2.040746,-0.740333,-0.587435,-0.750671,-0.130049,0.570831,-0.839227,-0.245828,-0.538902,-1.459656,-0.532169,0.667487,-1.656233,-0.612473,-0.369153,-1.550269,-0.766111,0.472322,-1.751405,-0.787458
-0.457687,-1.922317,-0.803788,0.579138,-2.042563,-0.73619,-0.584698,-0.745506,-0.133518,0.547029,-0.823918,-0.250497,-0.540788,-1.452134,-0.533984,0.650106,-1.641547,-0.609078,-0.375371,-1.556811,-0.768791,0.46353,-1.849901,-0.806219
-0.454838,-1.937213,-0.8071,0.594775,-2.066728,-0.716853,-0.582696,-0.741271,-0.131858,0.541335,-0.820213,-0.252265,-0.534849,-1.473571,-0.552056,0.632787,-1.587712,-0.592483,-0.355766,-1.634633,-0.792789,0.458813,-1.810425,-0.80121
-0.454138,-1.93174,-0.807566,0.600788,-2.075036,-0.709809,-0.575204,-0.754913,-0.136354,0.541028,-0.822459,-0.255113,-0.536329,-1.461972,-0.546335,0.632491,-1.582278,-0.591239,-0.349885,-1.651581,-0.79732,0.4544,-1.78914,-0.800543
-0.450096,-1.924719,-0.805218,0.577662,-2.068729,-0.717075,-0.579225,-0.744546,-0.122696,0.541642,-0.822807,-0.256653,-0.535894,-1.457022,-0.54269,0.637285,-1.602395,-0.594541,-0.352307,-1.638153,-0.796153,0.461832,-1.817874,-0.804691
-0.450574,-1.935433,-0.807736,0.578546,-2.060573,-0.718082,-0.580689,-0.739445,-0.112217,0.543519,-0.822402,-0.25912,-0.530113,-1.469059,-0.543827,0.640992,-1.617872,-0.601401,-0.350888,-1.636523,-0.791942,0.459333,-1.797288,-0.807685
