-0.504957,-1.841643,-0.767809,0.541514,-1.827452,-0.574652,-0.612615,-0.682013,-0.17645,0.617552,-0.81668,-0.070775,-0.590353,-1.403921,-0.573868,0.629462,-1.395306,-0.381717,-0.646917,-1.589913,-0.576991,0.465343,-1.536275,-0.634236
-0.501014,-1.840015,-0.77352,0.534109,-1.843071,-0.572575,-0.611417,-0.681346,-0.176886,0.617408,-0.816556,-0.071586,-0.589049,-1.402459,-0.573639,0.620435,-1.453972,-0.413627,-0.647372,-1.583869,-0.571086,0.463528,-1.539861,-0.642475
-0.507257,-1.83684,-0.77226,0.535821,-1.832716,-0.57606,-0.613518,-0.680748,-0.175398,0.61804,-0.814231,-0.069768,-0.590722,-1.402693,-0.572795,0.621869,-1.445224,-0.406367,-0.64856,-1.592361,-0.576326,0.468073,-1.502453,-0.62114
-0.508655,-1.839604,-0.766006,0.539138,-1.833419,-0.567472,-0.615328,-0.678958,-0.17347,0.618427,-0.810791,-0.067593,-0.591274,-1.398763,-0.571884,0.622269,-1.439537,-0.402384,-0.645572,-1.655202,-0.623093,0.465253,-1.525258,-0.629344
-0.51396,-1.839542,-0.772381,0.538522,-1.835986,-0.569982,-0.618482,-0.678936,-0.171391,0.618893,-0.810961,-0.065319,-0.594259,-1.400846,-0.571174,0.622774,-1.440684,-0.399976,-0.648078,-1.599136,-0.587095,0.466346,-1.521262,-0.626284
-0.514471,-1.843081,-0.768077,0.536262,-1.836438,-0.57331,-0.619697,-0.678894,-0.17106,0.61919,-0.810402,-0.064745,-0.595413,-1.401393,-0.571028,0.622941,-1.440537,-0.398985,-0.648364,-1.622223,-0.603704,0.465284,-1.530468,-0.629255
-0.516018,-1.845679,-0.769178,0.541172,-1.839861,-0.565236,-0.622194,-0.67905,-0.170531,0.619457,-0.811129,-0.064562,-0.597181,-1.40384,-0.571733,0.623243,-1.441631,-0.398451,-0.652789,-1.583312,-0.574236,0.465151,-1.533762,-0.63021
-0.519122,-1.846285,-0.771032,0.539847,-1.842761,-0.566935,-0.623287,-0.679487,-0.170044,0.619933,-0.811078,-0.064631,-0.598015,-1.405507,-0.572037,0.62348,-1.442077,-0.397753,-0.653834,-1.584632,-0.570375,0.46596,-1.52913,-0.628172
-0.508891,-1.846392,-0.77038,0.543799,-1.841897,-0.563606,-0.624866,-0.680058,-0.169475,0.620056,-0.81143,-0.064287,-0.598708,-1.404091,-0.57062,0.623615,-1.442765,-0.396885,-0.654343,-1.595716,-0.576031,0.465858,-1.532042,-0.627839
-0.507867,-1.842448,-0.767456,0.541273,-1.836481,-0.566934,-0.622079,-0.679146,-0.169317,0.619466,-0.811123,-0.065798,-0.595062,-1.39612,-0.567565,0.623413,-1.438837,-0.395601,-0.651802,-1.596564,-0.578737,0.466081,-1.529038,-0.626361
-0.517814,-1.846998,-0.760194,0.547091,-1.837211,-0.567589,-0.621294,-0.679381,-0.16971,0.619287,-0.815349,-0.071379,-0.594075,-1.394473,-0.566064,0.624179,-1.437595,-0.39318,-0.653505,-1.607477,-0.584708,0.470434,-1.507493,-0.61628
-0.547215,-1.861668,-0.764455,0.617857,-1.838459,-0.55971,-0.621696,-0.687526,-0.179239,0.621504,-0.822907,-0.073235,-0.601166,-1.404504,-0.571043,0.637074,-1.435896,-0.372706,-0.669154,-1.744856,-0.648717,0.477878,-1.588686,-0.628388
-0.60134,-1.869817,-0.82303,0.731604,-1.920476,-0.605186,-0.62026,-0.70254,-0.21436,0.641001,-0.853162,-0.08429,-0.616534,-1.40515,-0.590269,0.744805,-1.480527,-0.379064,-0.481204,-1.689393,-0.650654,0.553097,-1.640882,-0.49275
-0.567558,-1.873312,-0.968542,1.254057,-1.552126,-0.737905,-0.640006,-0.720444,-0.287337,0.718091,-0.77664,-0.033194,-0.630278,-1.425601,-0.693088,1.084544,-1.297847,-0.437647,-0.593404,-1.755173,-0.767007,1.010618,-1.460486,-0.754102
-0.47997,-1.743725,-1.12655,1.552177,-1.172517,-0.737498,-0.634475,-0.683241,-0.32432,0.749763,-0.713192,-0.00745,-0.57053,-1.319471,-0.77894,1.217411,-1.003604,-0.392675,-0.400739,-1.498114,-0.901986,1.234176,-1.142754,-0.759503
-0.258664,-1.618331,-1.234538,1.736033,-0.673474,-0.702579,-0.589489,-0.628119,-0.39198,0.784387,-0.645734,0.008342,-0.444973,-1.209765,-0.873078,1.325227,-0.688302,-0.372344,-0.351244,-1.541668,-1.082369,1.565174,-0.787693,-0.75983
0.159268,-1.430062,-1.271655,1.76936,0.048974,-0.525336,-0.513403,-0.554027,-0.490663,0.859641,-0.55192,0.057841,-0.180653,-1.069364,-0.998017,1.441304,-0.21821,-0.330668,-0.030272,-1.341158,-1.074849,1.67008,-0.131378,-0.68524
0.394239,-1.27729,-1.248294,1.600269,0.45231,-0.37302,-0.485465,-0.539887,-0.49635,0.950887,-0.449689,0.026508,0.024916,-1.005477,-1.036885,1.404893,0.112216,-0.253484,0.141912,-1.243032,-1.022288,1.54247,0.230302,-0.50712
0.532471,-1.18543,-1.170581,1.366225,0.721502,-0.224316,-0.409129,-0.515584,-0.539234,1.065891,-0.198951,-0.004767,0.087876,-0.939891,-0.983379,1.318364,0.351693,-0.158929,0.327568,-1.170406,-1.058417,1.371231,0.519509,-0.401838
0.656982,-1.170885,-1.085646,1.148391,0.900257,-0.045646,-0.305344,-0.477609,-0.618984,1.084623,-0.149653,0.013021,0.234753,-0.928994,-0.941595,1.200181,0.474884,-0.067125,0.459189,-1.160974,-0.989414,1.218131,0.766971,-0.167147
0.843395,-1.090708,-0.93543,0.940123,0.974031,0.041407,-0.176905,-0.52717,-0.676647,1.087398,-0.051146,-0.005123,0.418724,-0.896117,-0.881868,1.053197,0.581637,-0.013122,0.579801,-1.075243,-0.870172,1.001294,0.871767,-0.075927
1.007173,-0.926969,-0.798676,0.754862,0.989834,0.188889,-0.13318,-0.4695,-0.656733,1.014995,0.24092,-0.054236,0.662812,-0.819927,-0.762665,0.912454,0.836664,0.099227,0.762212,-0.947832,-0.705493,0.823157,0.95458,-0.011095
1.032045,-0.628428,-0.644882,0.646461,0.958222,0.141799,-0.098096,-0.408463,-0.626048,1.071798,-0.025761,-0.08587,0.72597,-0.675833,-0.559025,0.83031,0.732545,0.06294,0.804834,-0.714605,-0.580674,0.731508,0.891537,-0.016695
1.209908,-0.386371,-0.417974,0.582409,0.939677,0.194119,-0.019602,-0.391932,-0.599378,1.073806,-0.015044,-0.089463,0.847501,-0.443531,-0.476108,0.778319,0.722674,0.091981,1.05053,-0.508498,-0.51594,0.661967,0.876432,-0.002238
1.059424,-0.27576,-0.358517,0.573846,0.89274,0.19281,-0.029269,-0.398045,-0.57053,0.991862,-0.172667,-0.210388,0.632751,-0.348231,-0.56743,0.784145,0.489533,0.025957,1.047258,-0.2815,-0.399447,0.63528,0.840841,0.014438
1.117086,-0.09384,-0.278895,0.55711,0.885804,0.200462,-0.017402,-0.390349,-0.562656,1.00281,-0.15354,-0.210017,0.619284,-0.295497,-0.433882,0.783321,0.498961,0.025489,1.111988,-0.12087,-0.347415,0.651554,0.850966,0.003841
1.057312,-0.070799,-0.220026,0.56405,0.895705,0.260115,-0.015969,-0.394353,-0.564703,1.017609,-0.1354,-0.195192,0.622084,-0.294263,-0.432165,0.784321,0.502205,0.027731,0.975164,-0.143611,-0.323837,0.648512,0.857799,0.009363
1.054371,-0.047899,-0.2035,0.553403,0.912131,0.259946,-0.013902,-0.396066,-0.566253,1.027084,-0.118479,-0.18793,0.666386,-0.260864,-0.364056,0.784893,0.507553,0.032605,0.967938,-0.134455,-0.323656,0.651692,0.865436,0.01775
1.040129,-0.0496,-0.216479,0.542788,0.918237,0.277805,-0.011741,-0.396429,-0.56801,1.036759,-0.047869,-0.18244,0.660624,-0.254005,-0.362876,0.775014,0.518691,0.044089,0.982951,-0.138202,-0.316293,0.645858,0.869612,0.01955
1.051418,-0.055016,-0.201274,0.560999,0.93733,0.11116,-0.010165,-0.398318,-0.566798,1.040237,-0.076154,-0.178274,0.626087,-0.270621,-0.423703,0.711504,0.706412,0.116767,0.960896,-0.106264,-0.317557,0.639222,0.888666,0.013548
1.050045,-0.070232,-0.211883,0.566441,0.929358,0.197899,-0.010343,-0.400329,-0.566479,1.045084,0.016514,-0.167757,0.625643,-0.272127,-0.419551,0.703884,0.734666,0.125793,0.963515,-0.126993,-0.324291,0.627553,0.902407,0.016859
1.045906,-0.059418,-0.217003,0.569648,0.922923,0.270422,-0.010253,-0.401754,-0.566433,1.045577,0.020138,-0.16759,0.626073,-0.272028,-0.419024,0.711436,0.732217,0.121205,0.964631,-0.120904,-0.322185,0.633649,0.906353,0.010648
1.049963,-0.053033,-0.214853,0.564019,0.973774,0.304079,-0.009798,-0.403247,-0.566357,1.045542,0.027824,-0.167645,0.626928,-0.270738,-0.418968,0.717945,0.732385,0.114571,0.955893,-0.108895,-0.331102,0.632269,0.908199,0.001333
1.061767,-0.026017,-0.195714,0.576986,0.987356,0.323354,-0.009497,-0.404686,-0.566265,1.045788,0.037041,-0.167067,0.665577,-0.251207,-0.361331,0.730922,0.733947,0.101527,0.968076,-0.118275,-0.32591,0.660621,0.924426,-0.024516
1.073951,-0.10887,-0.231701,0.620363,0.993414,0.287592,-0.008637,-0.406245,-0.563452,1.047433,-0.0081,-0.174705,0.659448,-0.341245,-0.494317,0.765024,0.726784,0.074543,0.803839,-0.106805,-0.18273,0.675142,0.920244,-0.043139
1.089676,-0.20425,-0.284215,0.704266,0.942619,-0.00804,-0.011669,-0.406462,-0.560416,1.038038,-0.11795,-0.187996,0.664133,-0.426059,-0.520277,0.868506,0.546854,-0.014366,0.853583,-0.174611,-0.227282,0.803576,0.835295,-0.137798
1.064275,-0.44593,-0.367921,0.818234,0.885009,-0.112917,-0.036457,-0.41127,-0.557871,0.958745,-0.286342,-0.237536,0.632318,-0.470459,-0.533409,0.952251,0.471987,-0.06663,0.856752,-0.336784,-0.322944,0.910632,0.771756,-0.239721
1.067339,-0.73621,-0.487667,1.008568,0.777153,-0.246455,-0.080842,-0.467631,-0.585814,1.049112,-0.259011,-0.098384,0.685,-0.681207,-0.568698,1.065627,0.418892,-0.146468,0.770541,-0.811022,-0.445874,1.065505,0.67689,-0.362962
0.898585,-1.111248,-0.704299,1.249406,0.619591,-0.399595,-0.162615,-0.562838,-0.63975,0.910857,-0.536244,-0.040063,0.606802,-0.98483,-0.695667,1.213529,0.194618,-0.251242,0.629573,-1.126512,-0.576641,1.26457,0.452312,-0.498477
0.582022,-1.370451,-0.886725,1.422097,0.332607,-0.589991,-0.372183,-0.551675,-0.583112,0.891828,-0.555889,-0.035287,0.147046,-1.080346,-0.821177,1.348847,-0.005475,-0.329435,0.204715,-1.385138,-0.674775,1.402911,0.137874,-0.613747
0.143912,-1.644866,-1.041879,1.587313,-0.046005,-0.717821,-0.476469,-0.59955,-0.523074,0.817831,-0.632284,0.003717,-0.122223,-1.181418,-0.88719,1.340958,-0.364873,-0.356814,0.110231,-1.353895,-0.983744,1.587686,-0.064802,-0.393952
-0.232824,-1.818446,-1.081387,1.686929,-0.499391,-0.774106,-0.580061,-0.610082,-0.437077,0.757199,-0.736624,0.048898,-0.367118,-1.362483,-0.90673,1.377284,-0.633703,-0.408569,-0.176442,-1.61067,-0.964077,1.653402,-0.464725,-0.467545
-0.61738,-1.744159,-1.118816,1.650403,-0.971746,-0.778799,-0.677884,-0.587437,-0.383832,0.711119,-0.790548,0.067764,-0.631088,-1.277242,-0.846453,1.233049,-0.956641,-0.355232,-0.670482,-1.50792,-0.90202,1.516783,-0.85503,-0.565968
-0.870538,-1.717543,-1.037083,1.48193,-1.389746,-0.718346,-0.797514,-0.60681,-0.35179,0.665371,-0.828796,0.081426,-0.845579,-1.238049,-0.787074,1.116064,-1.163874,-0.312233,-0.922086,-1.726872,-1.006434,1.436033,-1.199241,-0.518877
-1.03823,-1.777686,-0.930397,1.258157,-1.699579,-0.619728,-0.846,-0.581072,-0.295773,0.650509,-0.846899,0.082103,-1.039601,-1.344309,-0.734541,1.038076,-1.434412,-0.309151,-1.103733,-1.524208,-0.874386,1.29472,-1.498784,-0.438197
-1.154682,-1.772531,-0.847573,1.021355,-1.924028,-0.508656,-0.879945,-0.583417,-0.278009,0.663143,-0.957888,0.042814,-1.106507,-1.315537,-0.684917,0.876015,-1.557952,-0.241047,-1.228167,-1.577948,-0.828393,0.985525,-1.564327,-0.482368
-1.201388,-1.785857,-0.7757,0.782771,-2.081764,-0.359666,-0.923409,-0.613447,-0.228913,0.604658,-0.905868,0.088377,-1.172581,-1.325675,-0.55992,0.755846,-1.684511,-0.196827,-1.275699,-1.579388,-0.731053,0.841506,-1.727893,-0.405378
-1.221368,-1.776723,-0.705444,0.632599,-2.149181,-0.299908,-0.930146,-0.637614,-0.199798,0.60398,-0.928439,0.092176,-1.147349,-1.295102,-0.513825,0.677443,-1.704506,-0.18446,-1.231946,-1.61664,-0.6139,0.692626,-1.810239,-0.389461
-1.136048,-1.913946,-0.630065,0.560053,-2.039234,-0.360119,-0.908817,-0.647307,-0.177142,0.59226,-0.929156,0.100854,-1.124289,-1.415171,-0.515323,0.556279,-1.675641,-0.313894,-1.13794,-1.855272,-0.530244,0.489138,-1.874606,-0.585863
-1.093097,-1.967324,-0.583616,0.502526,-1.915366,-0.536887,-0.884655,-0.673256,-0.151691,0.568132,-0.916605,0.111122,-1.088396,-1.447487,-0.483081,0.546971,-1.667411,-0.30551,-1.092341,-1.846153,-0.50611,0.490911,-1.695869,-0.540022
-1.024954,-1.99664,-0.578246,0.345179,-2.487816,-0.725242,-0.844237,-0.710833,-0.147117,0.567788,-0.913547,0.102683,-1.011935,-1.485474,-0.462425,0.473303,-1.685799,-0.411943,-1.056422,-1.786551,-0.526531,0.224492,-2.151799,-0.750267
