-0.518901,-1.715338,-0.434409,0.446069,-1.763904,-0.635912,-0.589381,-0.678323,-0.003736,0.660851,-0.741972,-0.283245,-0.617953,-1.301854,-0.293465,0.607796,-1.311037,-0.51536,-0.44718,-1.397618,-0.488036,0.635515,-1.481807,-0.564795
-0.519592,-1.725476,-0.435802,0.481289,-1.707817,-0.621899,-0.589904,-0.682619,-0.005729,0.665588,-0.747105,-0.287739,-0.618872,-1.309455,-0.297216,0.612146,-1.318639,-0.520976,-0.446573,-1.412532,-0.494835,0.617597,-1.507005,-0.605955
-0.519761,-1.713274,-0.428623,0.477155,-1.72932,-0.621554,-0.586992,-0.676261,-0.004539,0.661045,-0.740644,-0.285695,-0.616096,-1.299047,-0.2943,0.607227,-1.3086,-0.517617,-0.443021,-1.469505,-0.522451,0.62719,-1.472867,-0.584375
-0.51329,-1.701285,-0.427773,0.456143,-1.731248,-0.625619,-0.582398,-0.670201,-0.0049,0.658518,-0.735332,-0.285861,-0.611798,-1.290233,-0.293832,0.604913,-1.300154,-0.516511,-0.439841,-1.377775,-0.481019,0.618518,-1.454321,-0.59975
-0.515335,-1.72103,-0.445011,0.48965,-1.741676,-0.619283,-0.585867,-0.679973,-0.008213,0.66734,-0.74615,-0.292863,-0.615647,-1.306881,-0.300169,0.612803,-1.316289,-0.525694,-0.440522,-1.403574,-0.492168,0.642529,-1.434577,-0.603012
-0.514944,-1.715492,-0.444368,0.491023,-1.738009,-0.619271,-0.583842,-0.67835,-0.008585,0.667738,-0.744964,-0.293683,-0.613501,-1.304621,-0.300625,0.613283,-1.31425,-0.526257,-0.434082,-1.472401,-0.528392,0.63968,-1.429592,-0.601501
-0.520386,-1.726764,-0.43939,0.49338,-1.74908,-0.617479,-0.590493,-0.681053,-0.004673,0.666469,-0.748297,-0.292438,-0.620036,-1.310367,-0.299174,0.611951,-1.319844,-0.526092,-0.445142,-1.465469,-0.51721,0.641835,-1.457412,-0.59466
-0.516863,-1.736156,-0.453065,0.504624,-1.762044,-0.61541,-0.591877,-0.686475,-0.001736,0.672385,-0.755021,-0.296832,-0.620368,-1.321509,-0.304467,0.617257,-1.329804,-0.531802,-0.444241,-1.473653,-0.524365,0.637262,-1.445496,-0.618231
-0.516719,-1.757294,-0.459105,0.456913,-1.810036,-0.647822,-0.596271,-0.691908,0.002352,0.676465,-0.761348,-0.298833,-0.623457,-1.332405,-0.306082,0.620757,-1.339783,-0.535095,-0.445156,-1.503716,-0.530131,0.62249,-1.54887,-0.609205
-0.516062,-1.74909,-0.459258,0.453104,-1.791979,-0.647389,-0.598096,-0.686836,0.007961,0.670297,-0.756615,-0.295027,-0.623892,-1.327298,-0.302818,0.614798,-1.332929,-0.530416,-0.446233,-1.42916,-0.505231,0.615208,-1.52829,-0.612437
-0.5188,-1.756282,-0.455292,0.461704,-1.804629,-0.646156,-0.596995,-0.688009,0.008396,0.674446,-0.759266,-0.298124,-0.621523,-1.332995,-0.306383,0.618843,-1.33681,-0.533914,-0.444553,-1.495793,-0.529576,0.644958,-1.513665,-0.573918
-0.517031,-1.743718,-0.454907,0.459407,-1.792071,-0.636464,-0.596092,-0.681512,0.011823,0.66977,-0.751724,-0.294317,-0.620418,-1.321724,-0.301157,0.61396,-1.326263,-0.528957,-0.444183,-1.483993,-0.526429,0.63535,-1.4998,-0.586762
-0.518089,-1.75655,-0.465598,0.455777,-1.839453,-0.645897,-0.600335,-0.688507,0.012157,0.675641,-0.760084,-0.297402,-0.624617,-1.333749,-0.304071,0.619165,-1.338998,-0.53386,-0.447371,-1.487474,-0.530432,0.588065,-1.621434,-0.619909
-0.520782,-1.752199,-0.458174,0.466866,-1.822529,-0.639578,-0.599395,-0.690714,0.010813,0.678501,-0.761811,-0.298878,-0.623742,-1.335085,-0.304998,0.622112,-1.341663,-0.534913,-0.444969,-1.42914,-0.506288,0.652226,-1.515566,-0.582302
-0.519242,-1.768994,-0.470962,0.471926,-1.826281,-0.63768,-0.602732,-0.694772,0.01173,0.681625,-0.766309,-0.298611,-0.62511,-1.346236,-0.307955,0.62577,-1.348944,-0.535542,-0.447344,-1.459398,-0.517871,0.627013,-1.551936,-0.613331
-0.516733,-1.769106,-0.462719,0.492806,-1.854951,-0.646156,-0.598999,-0.694588,0.008857,0.684252,-0.765935,-0.296577,-0.61982,-1.347629,-0.313046,0.632538,-1.347686,-0.533165,-0.443226,-1.467086,-0.524483,0.684824,-1.511012,-0.601566
-0.509313,-1.73547,-0.462097,0.612119,-1.8341,-0.640651,-0.590084,-0.682069,0.000674,0.681076,-0.747948,-0.284803,-0.61066,-1.319095,-0.307796,0.66295,-1.321328,-0.521377,-0.434987,-1.401812,-0.502017,0.713182,-1.493818,-0.669632
-0.50913,-1.746548,-0.458742,0.808464,-1.698808,-0.685575,-0.591644,-0.691169,-0.0096,0.72112,-0.73998,-0.271922,-0.610878,-1.329092,-0.311606,0.815104,-1.309549,-0.53792,-0.436606,-1.486012,-0.534794,0.819945,-1.474041,-0.784341
-0.510284,-1.756798,-0.455485,1.147123,-1.517461,-0.740423,-0.588491,-0.69968,-0.022023,0.775497,-0.712856,-0.266593,-0.605836,-1.335592,-0.320191,1.002227,-1.229074,-0.555736,-0.431886,-1.500644,-0.534942,1.190852,-1.374882,-0.797013
-0.507186,-1.753507,-0.46024,1.444456,-1.31105,-0.720092,-0.583306,-0.704197,-0.031591,0.869498,-0.643135,-0.262266,-0.599421,-1.336696,-0.326653,1.237882,-1.064948,-0.552164,-0.429349,-1.435847,-0.517339,1.445765,-1.158903,-0.778278
-0.476364,-1.788041,-0.482003,1.833397,-0.878547,-0.66477,-0.578917,-0.718089,-0.046074,1.019329,-0.443268,-0.250569,-0.587247,-1.375788,-0.349155,1.502568,-0.720206,-0.498137,-0.415567,-1.468921,-0.535414,1.790742,-0.738711,-0.699162
-0.475894,-1.788331,-0.484285,1.996801,-0.512986,-0.582986,-0.576631,-0.725045,-0.053597,1.099781,-0.274937,-0.238115,-0.581088,-1.388401,-0.359969,1.644301,-0.427749,-0.449854,-0.411978,-1.473345,-0.539643,1.949961,-0.382828,-0.632867
-0.495879,-1.739353,-0.467277,2.069732,-0.116349,-0.489995,-0.573175,-0.732246,-0.059013,1.133132,-0.102987,-0.221686,-0.595049,-1.33019,-0.342715,1.705185,-0.149078,-0.387549,-0.412009,-1.443898,-0.530629,2.0256,0.00861,-0.493127
-0.490951,-1.693336,-0.468756,2.092395,0.268774,-0.440618,-0.554558,-0.745872,-0.070183,1.148127,0.01961,-0.206801,-0.585125,-1.28996,-0.331945,1.706152,0.113136,-0.340114,-0.411224,-1.406298,-0.507715,1.948374,0.304801,-0.452067
-0.47384,-1.722212,-0.471469,2.098766,0.494979,-0.409082,-0.546856,-0.754179,-0.07321,1.167855,0.141366,-0.193279,-0.567482,-1.327205,-0.346987,1.696931,0.331939,-0.314818,-0.397983,-1.432914,-0.519706,1.978207,0.591252,-0.401983
-0.469665,-1.740035,-0.471374,2.065581,0.679942,-0.384887,-0.536011,-0.765118,-0.07851,1.170253,0.221997,-0.190853,-0.556512,-1.338379,-0.351803,1.683269,0.45071,-0.290539,-0.387034,-1.436236,-0.518461,1.876955,0.700513,-0.37563
-0.455027,-1.735076,-0.481875,2.02439,0.745961,-0.349305,-0.519836,-0.772791,-0.084668,1.156009,0.262964,-0.18922,-0.544135,-1.33761,-0.353542,1.650571,0.522573,-0.276069,-0.371633,-1.440214,-0.519162,1.847058,0.798691,-0.35398
-0.443124,-1.735507,-0.473625,1.984856,0.797391,-0.35319,-0.504788,-0.779496,-0.087497,1.14088,0.278501,-0.190929,-0.53012,-1.344785,-0.35844,1.635816,0.531735,-0.28009,-0.3481,-1.4564,-0.531898,1.823741,0.790389,-0.369459
-0.43557,-1.726243,-0.477505,1.976363,0.773814,-0.366466,-0.492603,-0.768162,-0.086409,1.132237,0.283533,-0.195683,-0.519557,-1.339335,-0.359236,1.625169,0.533533,-0.284415,-0.347991,-1.44034,-0.522652,1.832893,0.812373,-0.392339
-0.451445,-1.689172,-0.481867,1.970981,0.795368,-0.364434,-0.485924,-0.761976,-0.084931,1.127307,0.28553,-0.199193,-0.513398,-1.329175,-0.354457,1.618223,0.534195,-0.288799,-0.36738,-1.442424,-0.511367,1.835052,0.809707,-0.377281
-0.47057,-1.63839,-0.491992,1.986986,0.74711,-0.370662,-0.483372,-0.766319,-0.085096,1.123535,0.284751,-0.201222,-0.511376,-1.326102,-0.35223,1.615628,0.529108,-0.29152,-0.371105,-1.412605,-0.50568,1.848714,0.814848,-0.404646
-0.358081,-1.817392,-0.536509,1.97105,0.765861,-0.378248,-0.482658,-0.768641,-0.085047,1.122608,0.28304,-0.202337,-0.498159,-1.368677,-0.368066,1.618386,0.51877,-0.295582,-0.322891,-1.53044,-0.586822,1.83482,0.769411,-0.402895
-0.444712,-1.731564,-0.487564,1.998607,0.719969,-0.407734,-0.49118,-0.777184,-0.083393,1.137547,0.280415,-0.20612,-0.513252,-1.352535,-0.357841,1.675675,0.519708,-0.306842,-0.338558,-1.447806,-0.543804,1.875582,0.746248,-0.418617
-0.462134,-1.577588,-0.499914,2.098861,0.567585,-0.449499,-0.494527,-0.782076,-0.084097,1.143645,0.24565,-0.21847,-0.518904,-1.350157,-0.357428,1.730304,0.49112,-0.33492,-0.370454,-1.361454,-0.481322,1.941883,0.679706,-0.427014
-0.478699,-1.588475,-0.501641,2.082066,0.452218,-0.43768,-0.501629,-0.786088,-0.082198,1.137845,0.193227,-0.225778,-0.526587,-1.359001,-0.357745,1.671756,0.352571,-0.353902,-0.382302,-1.343988,-0.465074,1.978226,0.569827,-0.472071
-0.466239,-1.75281,-0.48795,2.106884,0.404232,-0.453495,-0.504977,-0.78855,-0.08196,1.135191,0.127627,-0.236222,-0.530014,-1.364561,-0.35854,1.689824,0.195021,-0.375526,-0.370773,-1.49922,-0.532984,1.988483,0.406839,-0.532233
-0.461702,-1.768575,-0.486077,2.064589,0.044654,-0.494528,-0.506882,-0.789543,-0.081232,1.123341,0.034719,-0.258487,-0.532077,-1.369209,-0.359568,1.71476,0.029468,-0.415954,-0.363968,-1.496683,-0.54489,1.98005,0.164098,-0.576497
-0.465677,-1.765299,-0.483994,2.03456,-0.268796,-0.516038,-0.507632,-0.788741,-0.080994,1.122756,-0.085213,-0.285918,-0.533339,-1.371261,-0.360257,1.688737,-0.182619,-0.456645,-0.364004,-1.505697,-0.551307,1.9526,-0.097378,-0.624102
-0.468714,-1.76515,-0.484532,1.970675,-0.599459,-0.594953,-0.508675,-0.787549,-0.080562,1.08346,-0.208283,-0.299437,-0.534344,-1.370197,-0.360153,1.59546,-0.419602,-0.495133,-0.362567,-1.549968,-0.577919,1.900234,-0.399212,-0.681743
-0.455903,-1.772185,-0.48478,1.850784,-0.892891,-0.683419,-0.510451,-0.784913,-0.078928,1.024353,-0.331826,-0.304045,-0.535591,-1.373459,-0.360763,1.471599,-0.656832,-0.514225,-0.368365,-1.472472,-0.544496,1.718455,-0.703132,-0.746987
-0.43856,-1.745375,-0.482241,1.627121,-1.186176,-0.662834,-0.505257,-0.760536,-0.070829,0.993974,-0.463343,-0.305202,-0.529706,-1.347837,-0.352129,1.38402,-0.893577,-0.533197,-0.360653,-1.442154,-0.537276,1.562884,-1.007694,-0.762642
-0.442685,-1.751441,-0.488762,1.367258,-1.449687,-0.641104,-0.511993,-0.760877,-0.068014,0.922314,-0.563004,-0.298243,-0.535602,-1.35345,-0.351981,1.211943,-1.086936,-0.535579,-0.369703,-1.453033,-0.537118,1.320983,-1.230506,-0.772091
-0.447282,-1.758738,-0.489508,1.075537,-1.643684,-0.604506,-0.515269,-0.756328,-0.065289,0.838936,-0.659489,-0.29078,-0.539544,-1.352365,-0.349519,1.044903,-1.236902,-0.531424,-0.373718,-1.490245,-0.553463,1.075982,-1.405276,-0.780185
-0.443646,-1.74314,-0.480928,0.806497,-1.739213,-0.547033,-0.521867,-0.727449,-0.052806,0.760406,-0.692771,-0.269789,-0.541402,-1.348071,-0.344611,0.835746,-1.257171,-0.464823,-0.381159,-1.435003,-0.53365,0.809235,-1.465391,-0.785321
-0.460696,-1.729265,-0.474341,0.541739,-1.677385,-0.57008,-0.532734,-0.721154,-0.047161,0.707901,-0.716968,-0.273549,-0.554462,-1.328219,-0.337048,0.671264,-1.284107,-0.466046,-0.38995,-1.417469,-0.532916,0.46422,-1.411779,-0.648243
-0.468186,-1.729605,-0.478849,0.495446,-1.758921,-0.588155,-0.546659,-0.712282,-0.037395,0.686188,-0.714913,-0.27077,-0.564743,-1.328686,-0.334089,0.599819,-1.354275,-0.497524,-0.402162,-1.465588,-0.550128,0.440901,-1.475063,-0.676539
-0.477902,-1.730699,-0.473255,0.484685,-1.742564,-0.599337,-0.554051,-0.714296,-0.036876,0.679803,-0.718834,-0.27121,-0.573473,-1.326417,-0.331117,0.604524,-1.339198,-0.495771,-0.410145,-1.411997,-0.523475,0.427478,-1.447248,-0.673122
-0.4867,-1.720108,-0.466246,0.486486,-1.751735,-0.581078,-0.557286,-0.710212,-0.037104,0.67316,-0.715206,-0.270205,-0.579681,-1.314872,-0.32508,0.600023,-1.337399,-0.494444,-0.411793,-1.434383,-0.530948,0.426121,-1.450185,-0.666233
-0.48804,-1.720346,-0.459902,0.496238,-1.748023,-0.567094,-0.560672,-0.704946,-0.036161,0.669598,-0.713999,-0.268942,-0.5819,-1.313018,-0.322541,0.598304,-1.338413,-0.493389,-0.413116,-1.4177,-0.521832,0.441567,-1.495663,-0.668104
-0.487387,-1.719384,-0.457982,0.501367,-1.69099,-0.57008,-0.561218,-0.703297,-0.035365,0.667562,-0.712626,-0.267892,-0.582672,-1.310558,-0.320005,0.616568,-1.278221,-0.470842,-0.41427,-1.409957,-0.513185,0.427439,-1.400867,-0.643223
-0.488318,-1.733476,-0.462218,0.502717,-1.715712,-0.571789,-0.562755,-0.711912,-0.03622,0.671966,-0.721944,-0.27064,-0.583257,-1.326443,-0.323135,0.62129,-1.290515,-0.474202,-0.41487,-1.48224,-0.542206,0.426328,-1.401302,-0.646781
