-0.574791,-1.83677,-0.757147,0.468052,-1.851783,-0.725418,-0.681992,-0.770647,-0.265125,0.640272,-0.805607,-0.164358,-0.639179,-1.482318,-0.621205,0.573715,-1.459829,-0.546592,-0.479019,-1.599262,-0.759667,0.390998,-1.61186,-0.738918
-0.57381,-1.8365,-0.758447,0.477483,-1.839907,-0.719419,-0.681582,-0.770562,-0.265641,0.640614,-0.80547,-0.164759,-0.63873,-1.482164,-0.621582,0.577236,-1.443354,-0.540133,-0.48016,-1.594765,-0.76055,0.391577,-1.588904,-0.72766
-0.574154,-1.838581,-0.755287,0.477228,-1.842794,-0.720567,-0.68259,-0.771141,-0.266634,0.641036,-0.806252,-0.165721,-0.639817,-1.483676,-0.623011,0.576743,-1.447739,-0.542474,-0.480012,-1.598272,-0.759999,0.391073,-1.614884,-0.741695
-0.573057,-1.835335,-0.753494,0.474382,-1.84667,-0.715861,-0.681785,-0.770563,-0.262956,0.638592,-0.80544,-0.162197,-0.639122,-1.481216,-0.618368,0.573583,-1.448209,-0.539014,-0.478384,-1.594374,-0.753486,0.390216,-1.602165,-0.732489
-0.571716,-1.835122,-0.76169,0.477037,-1.84696,-0.718729,-0.68248,-0.770797,-0.264401,0.639407,-0.806035,-0.163277,-0.639498,-1.482918,-0.620128,0.573564,-1.451816,-0.541925,-0.47943,-1.595903,-0.756867,0.388753,-1.621904,-0.744823
-0.571935,-1.834984,-0.757838,0.471208,-1.849142,-0.720608,-0.682032,-0.770444,-0.263034,0.638687,-0.805794,-0.161998,-0.639032,-1.482017,-0.61832,0.572354,-1.45335,-0.541233,-0.482781,-1.593045,-0.758038,0.388733,-1.620745,-0.743585
-0.57339,-1.838289,-0.758705,0.47068,-1.852644,-0.722658,-0.682838,-0.771321,-0.264788,0.640236,-0.807004,-0.163345,-0.639923,-1.483988,-0.620487,0.573338,-1.45749,-0.544382,-0.479967,-1.599883,-0.760262,0.39026,-1.615341,-0.740575
-0.576732,-1.838526,-0.7555,0.472191,-1.850218,-0.721632,-0.683275,-0.771429,-0.263977,0.63957,-0.807208,-0.162577,-0.640435,-1.483899,-0.619338,0.572362,-1.45905,-0.544559,-0.47962,-1.597207,-0.755537,0.385433,-1.650178,-0.762838
-0.570954,-1.838363,-0.757731,0.465156,-1.850765,-0.724896,-0.682644,-0.770871,-0.262732,0.638921,-0.806604,-0.161639,-0.639922,-1.482338,-0.617568,0.571849,-1.458122,-0.543246,-0.481013,-1.594286,-0.756479,0.387147,-1.617032,-0.741606
-0.572602,-1.835971,-0.75554,0.472549,-1.851607,-0.720774,-0.68188,-0.770396,-0.264287,0.639648,-0.806449,-0.163165,-0.638946,-1.482081,-0.619165,0.572703,-1.458206,-0.545288,-0.480951,-1.596538,-0.76181,0.389968,-1.605424,-0.737913
-0.574033,-1.837431,-0.758866,0.470449,-1.850171,-0.725533,-0.683139,-0.771306,-0.265854,0.640202,-0.807282,-0.16446,-0.639984,-1.483495,-0.620871,0.573126,-1.460264,-0.547281,-0.480973,-1.596998,-0.759118,0.389191,-1.614141,-0.741776
-0.57005,-1.838893,-0.761278,0.465316,-1.861604,-0.723281,-0.684127,-0.771572,-0.264766,0.638679,-0.807586,-0.16346,-0.64057,-1.483951,-0.619978,0.571628,-1.460839,-0.546221,-0.480989,-1.59657,-0.757844,0.386702,-1.625107,-0.747983
-0.576954,-1.839399,-0.7592,0.470835,-1.854957,-0.721641,-0.684597,-0.772079,-0.266208,0.639405,-0.808232,-0.164799,-0.640833,-1.485763,-0.622025,0.572298,-1.462107,-0.54785,-0.482396,-1.597814,-0.759632,0.388046,-1.617518,-0.742676
-0.572749,-1.83985,-0.762791,0.471791,-1.857278,-0.723905,-0.683764,-0.771836,-0.266779,0.640003,-0.807949,-0.165134,-0.639805,-1.485623,-0.62257,0.572958,-1.461686,-0.548092,-0.48244,-1.596752,-0.762414,0.388147,-1.613798,-0.739963
-0.577053,-1.841489,-0.761392,0.501712,-1.845043,-0.72313,-0.684362,-0.773574,-0.266055,0.640642,-0.810422,-0.162288,-0.640587,-1.488058,-0.621596,0.576446,-1.464378,-0.544613,-0.481753,-1.601122,-0.759658,0.393252,-1.606889,-0.707634
-0.569362,-1.846006,-0.764375,0.646099,-1.721151,-0.765935,-0.683692,-0.773895,-0.269549,0.647954,-0.805265,-0.148628,-0.639578,-1.489518,-0.623786,0.695075,-1.412525,-0.529338,-0.480077,-1.601401,-0.761269,0.5676,-1.618976,-0.706013
-0.570894,-1.84887,-0.769793,0.895202,-1.566199,-0.765967,-0.686453,-0.775952,-0.27039,0.684493,-0.763956,-0.085968,-0.639124,-1.493765,-0.625801,0.892627,-1.321525,-0.488911,-0.478718,-1.60503,-0.76168,0.774498,-1.573941,-0.723569
-0.576566,-1.857129,-0.778234,1.156464,-1.310402,-0.781535,-0.692219,-0.783353,-0.287497,0.74951,-0.724056,-0.015554,-0.637094,-1.500431,-0.636598,1.097567,-1.19264,-0.436531,-0.47783,-1.612663,-0.775338,1.085904,-1.370466,-0.687439
-0.572528,-1.854056,-0.792251,1.407049,-1.012467,-0.723223,-0.694335,-0.783738,-0.301734,0.836523,-0.682963,0.063105,-0.632801,-1.500101,-0.647779,1.310413,-0.978737,-0.388236,-0.47455,-1.609407,-0.787419,1.372257,-1.079179,-0.679601
-0.558782,-1.853436,-0.800086,1.67615,-0.667991,-0.557856,-0.689091,-0.779466,-0.318475,0.92989,-0.616358,0.110643,-0.621761,-1.494602,-0.662302,1.502389,-0.682914,-0.305542,-0.469612,-1.600911,-0.805454,1.424512,-0.754779,-0.567132
-0.541289,-1.831072,-0.808389,1.857397,-0.337459,-0.3965,-0.680839,-0.77032,-0.334825,1.014795,-0.524119,0.138587,-0.606375,-1.481032,-0.672983,1.621165,-0.410148,-0.184942,-0.471235,-1.583341,-0.849162,1.766273,-0.489615,-0.405015
-0.513057,-1.818511,-0.814185,1.961985,-0.093706,-0.251925,-0.672651,-0.756304,-0.34669,1.079392,-0.416639,0.148073,-0.582576,-1.477624,-0.693304,1.689069,-0.227826,-0.086128,-0.456596,-1.564088,-0.856976,1.902334,-0.263938,-0.26717
-0.487526,-1.774389,-0.814478,2.010172,0.049824,-0.111345,-0.660636,-0.739301,-0.350387,1.108806,-0.311288,0.154274,-0.565885,-1.445167,-0.692049,1.715424,-0.106529,0.005218,-0.423621,-1.52798,-0.838416,1.966202,-0.117311,-0.126789
-0.477116,-1.762777,-0.819056,2.070358,0.150578,0.017896,-0.663311,-0.735146,-0.346831,1.144584,-0.217173,0.169418,-0.561358,-1.441418,-0.693697,1.758461,-0.019615,0.077623,-0.424323,-1.525142,-0.851092,2.049528,-0.014053,-0.013315
-0.452306,-1.741771,-0.817434,2.061939,0.169351,0.093703,-0.661474,-0.727666,-0.344997,1.148226,-0.151751,0.162528,-0.552846,-1.426576,-0.691189,1.784578,0.063915,0.148862,-0.393552,-1.497594,-0.800018,2.020987,0.005215,0.080265
-0.447092,-1.733439,-0.815993,2.072977,0.165915,0.146295,-0.661387,-0.72586,-0.341247,1.150991,-0.114013,0.164297,-0.548535,-1.421892,-0.688588,1.783544,0.059471,0.160852,-0.394079,-1.490484,-0.790038,2.008698,0.006694,0.140896
-0.4392,-1.707795,-0.792535,2.052475,0.159253,0.180588,-0.646818,-0.715771,-0.337145,1.135653,-0.087175,0.158897,-0.534435,-1.39911,-0.678635,1.731223,0.068591,0.18681,-0.385161,-1.475173,-0.778545,1.980653,-0.000967,0.165295
-0.437064,-1.703612,-0.781575,2.056582,0.154734,0.197384,-0.639029,-0.709824,-0.327472,1.145655,-0.063588,0.167024,-0.526697,-1.393347,-0.669548,1.745854,0.068029,0.204935,-0.375368,-1.476108,-0.756689,1.901992,0.289897,0.207018
-0.43872,-1.696273,-0.783364,2.049379,0.139023,0.190995,-0.634899,-0.707924,-0.32722,1.140031,-0.061118,0.163627,-0.523878,-1.387651,-0.66683,1.738403,0.062252,0.202949,-0.37811,-1.465363,-0.762033,1.894854,0.286083,0.20246
-0.437512,-1.692983,-0.782228,2.061731,0.147677,0.205007,-0.635583,-0.708222,-0.326413,1.137642,-0.060275,0.161475,-0.524641,-1.386892,-0.667171,1.736327,0.057686,0.201137,-0.378882,-1.463313,-0.761644,1.890079,0.276586,0.197121
-0.438695,-1.695852,-0.785095,2.048938,0.128058,0.179638,-0.637795,-0.711671,-0.330805,1.135261,-0.062265,0.158501,-0.528065,-1.390012,-0.670244,1.734913,0.05287,0.197264,-0.382125,-1.465598,-0.767774,1.892102,0.280594,0.198949
-0.44047,-1.698144,-0.784578,2.052571,0.14211,0.163224,-0.63926,-0.712258,-0.332461,1.134217,-0.062153,0.157567,-0.53,-1.391004,-0.670905,1.734392,0.05218,0.19544,-0.383805,-1.467161,-0.767503,1.891167,0.278604,0.194792
-0.44111,-1.696232,-0.782664,2.035624,0.144001,0.151109,-0.640533,-0.712136,-0.332415,1.128243,-0.064937,0.152921,-0.530818,-1.389886,-0.670891,1.727262,0.047291,0.187975,-0.384151,-1.464376,-0.764178,1.884511,0.279023,0.187033
-0.444599,-1.704929,-0.777708,2.042656,0.1183,0.123649,-0.642345,-0.713418,-0.333377,1.132963,-0.074413,0.151915,-0.532773,-1.394008,-0.67125,1.735651,0.038728,0.180599,-0.384107,-1.474111,-0.765492,1.910747,0.263483,0.149616
-0.444137,-1.706032,-0.781264,2.032067,0.02863,0.059222,-0.643062,-0.715228,-0.335582,1.121017,-0.123122,0.141156,-0.533517,-1.396762,-0.672252,1.729144,-0.020932,0.140026,-0.385624,-1.473038,-0.768432,1.904226,0.184727,0.068308
-0.443683,-1.726539,-0.787132,2.064614,-0.106764,0.002248,-0.64696,-0.719933,-0.334963,1.099888,-0.217772,0.138069,-0.53504,-1.413664,-0.675849,1.72722,-0.18298,0.067476,-0.383085,-1.493872,-0.771198,1.886452,0.024786,-0.027552
-0.443604,-1.7447,-0.794289,2.010751,-0.321385,-0.124145,-0.648262,-0.726811,-0.340837,1.062761,-0.348121,0.122259,-0.535305,-1.427674,-0.684098,1.692818,-0.338943,-0.008388,-0.382935,-1.508224,-0.784901,1.862417,-0.158041,-0.195315
-0.441507,-1.784268,-0.81478,1.931677,-0.630726,-0.264818,-0.652398,-0.741536,-0.347426,1.02025,-0.477662,0.107392,-0.536748,-1.457818,-0.697332,1.64111,-0.597026,-0.101239,-0.380728,-1.540074,-0.79773,1.7595,-0.466537,-0.357785
-0.442962,-1.800695,-0.810829,1.769978,-0.957216,-0.386278,-0.65662,-0.747343,-0.34316,0.953845,-0.588381,0.087449,-0.539364,-1.472078,-0.695973,1.520704,-0.862839,-0.168558,-0.381894,-1.54773,-0.784896,1.588942,-0.814236,-0.479844
-0.453789,-1.814262,-0.797821,1.534589,-1.268299,-0.501125,-0.659798,-0.751344,-0.340855,0.862323,-0.666625,0.06325,-0.54264,-1.481084,-0.693972,1.34955,-1.063822,-0.218705,-0.38759,-1.560989,-0.789478,1.345585,-1.041802,-0.507225
-0.471976,-1.82143,-0.797364,1.275984,-1.530013,-0.557828,-0.663531,-0.752407,-0.337243,0.779932,-0.710131,0.0367,-0.549147,-1.485855,-0.689323,1.147626,-1.217155,-0.266034,-0.399887,-1.564889,-0.780617,1.196664,-1.278519,-0.602347
-0.494,-1.816491,-0.794493,1.018787,-1.697657,-0.585498,-0.666425,-0.754566,-0.333921,0.723622,-0.748603,-0.00061,-0.564249,-1.478629,-0.680736,0.950087,-1.334895,-0.309388,-0.409609,-1.573645,-0.778534,1.029365,-1.475911,-0.607537
-0.514647,-1.824531,-0.782667,0.80661,-1.793904,-0.587422,-0.670939,-0.757975,-0.329123,0.687274,-0.781537,-0.039812,-0.579821,-1.476215,-0.672665,0.816753,-1.415129,-0.340239,-0.429224,-1.578434,-0.771335,0.804742,-1.575631,-0.601749
-0.539446,-1.819913,-0.783356,0.661508,-1.865098,-0.588472,-0.677151,-0.763352,-0.325836,0.669042,-0.799056,-0.060735,-0.598095,-1.473837,-0.663488,0.714033,-1.481058,-0.376381,-0.445313,-1.581893,-0.759826,0.593976,-1.643022,-0.636201
-0.55841,-1.817072,-0.779143,0.583623,-1.921222,-0.581588,-0.682581,-0.76726,-0.320294,0.658824,-0.805884,-0.071892,-0.612873,-1.473273,-0.659212,0.618987,-1.61968,-0.481488,-0.46665,-1.579831,-0.751524,0.492172,-1.705189,-0.662974
-0.572861,-1.825866,-0.779137,0.56009,-1.904952,-0.606654,-0.688472,-0.772123,-0.314415,0.655301,-0.811494,-0.078881,-0.627322,-1.476049,-0.653528,0.615272,-1.624191,-0.49146,-0.482086,-1.584265,-0.757643,0.476986,-1.665803,-0.666931
-0.574305,-1.82674,-0.776796,0.54479,-1.880613,-0.632016,-0.691624,-0.774127,-0.31063,0.652344,-0.812949,-0.084639,-0.634954,-1.4758,-0.649959,0.62242,-1.51169,-0.450744,-0.479021,-1.588634,-0.756907,0.484666,-1.649948,-0.671227
-0.573129,-1.819586,-0.776368,0.537894,-1.878294,-0.636387,-0.692468,-0.77574,-0.306072,0.650082,-0.813729,-0.092204,-0.63746,-1.474993,-0.647945,0.620649,-1.503966,-0.451557,-0.473716,-1.588532,-0.763308,0.481829,-1.676704,-0.693322
-0.566214,-1.818968,-0.772849,0.534639,-1.877291,-0.64292,-0.691749,-0.775547,-0.299426,0.647687,-0.815155,-0.100564,-0.638991,-1.475058,-0.645668,0.618422,-1.499186,-0.454974,-0.47325,-1.585963,-0.764138,0.511552,-1.652075,-0.692672
-0.567394,-1.821572,-0.772587,0.531761,-1.874079,-0.652115,-0.691488,-0.773334,-0.291974,0.646751,-0.815957,-0.107198,-0.639619,-1.474773,-0.64179,0.617127,-1.496158,-0.458642,-0.475759,-1.580342,-0.763788,0.51158,-1.647908,-0.698433
-0.564884,-1.820319,-0.765664,0.526959,-1.869672,-0.656839,-0.690961,-0.770617,-0.283457,0.645683,-0.815703,-0.112297,-0.638954,-1.474732,-0.637914,0.614812,-1.491833,-0.462558,-0.474885,-1.585226,-0.76231,0.50406,-1.643629,-0.702298
