-0.52797,-1.98498,-0.798433,0.489476,-2.004111,-0.756518,-0.666421,-0.765893,-0.271297,0.692145,-0.835686,-0.17548,-0.61058,-1.612338,-0.662965,0.591359,-1.613275,-0.622272,-0.704181,-1.770917,-0.708346,0.387914,-1.734921,-0.770146
-0.528686,-1.985511,-0.797585,0.480253,-2.001704,-0.759914,-0.666408,-0.766041,-0.271328,0.69212,-0.835725,-0.175451,-0.610354,-1.612896,-0.663068,0.591331,-1.61327,-0.622158,-0.703647,-1.769612,-0.707459,0.388986,-1.730827,-0.768611
-0.527368,-1.985694,-0.793016,0.486728,-2.00158,-0.756762,-0.666384,-0.765979,-0.271131,0.692111,-0.835657,-0.175384,-0.610268,-1.612886,-0.662591,0.591322,-1.613247,-0.622068,-0.703444,-1.7696,-0.707863,0.387122,-1.736463,-0.770517
-0.52783,-1.987936,-0.793235,0.487926,-2.007155,-0.753343,-0.666484,-0.766239,-0.271269,0.692118,-0.83583,-0.175386,-0.610305,-1.612982,-0.662165,0.59133,-1.613491,-0.622159,-0.704168,-1.772196,-0.708819,0.387181,-1.736423,-0.77026
-0.526481,-1.986184,-0.793601,0.484413,-1.993456,-0.755274,-0.666505,-0.766342,-0.271249,0.692086,-0.83585,-0.175304,-0.610211,-1.613419,-0.662305,0.591302,-1.613501,-0.622109,-0.70247,-1.772664,-0.711678,0.388463,-1.730825,-0.76547
-0.52503,-1.987007,-0.796299,0.486165,-2.006496,-0.754634,-0.666528,-0.766248,-0.271355,0.692099,-0.835868,-0.17528,-0.610632,-1.612156,-0.661747,0.591279,-1.613444,-0.622095,-0.704309,-1.770631,-0.708133,0.386724,-1.746729,-0.776454
-0.527249,-1.986878,-0.792348,0.488342,-2.004477,-0.752767,-0.666548,-0.766194,-0.271298,0.692051,-0.835881,-0.175248,-0.610641,-1.612188,-0.661671,0.591225,-1.613431,-0.622057,-0.703938,-1.77059,-0.708378,0.386949,-1.738036,-0.771121
-0.527362,-1.986826,-0.792909,0.490316,-2.005668,-0.752491,-0.666635,-0.766888,-0.271659,0.691974,-0.835908,-0.175157,-0.611056,-1.611067,-0.6612,0.591188,-1.613459,-0.621896,-0.703859,-1.771392,-0.708966,0.386937,-1.738652,-0.771978
-0.527412,-1.985208,-0.794291,0.491553,-1.998532,-0.754879,-0.666703,-0.766952,-0.271653,0.69201,-0.836052,-0.175076,-0.610889,-1.611607,-0.661239,0.591183,-1.613429,-0.621787,-0.703572,-1.771976,-0.70942,0.386939,-1.7382,-0.770913
-0.524239,-1.986731,-0.797855,0.478014,-2.007922,-0.759366,-0.666885,-0.766959,-0.27164,0.691992,-0.836188,-0.174944,-0.610878,-1.612191,-0.660983,0.591144,-1.613501,-0.621571,-0.70531,-1.787451,-0.713159,0.387662,-1.734754,-0.769598
-0.526833,-1.988381,-0.788336,0.486976,-2.006533,-0.745149,-0.666943,-0.766875,-0.271568,0.691948,-0.836211,-0.17484,-0.610951,-1.612097,-0.660552,0.591242,-1.61306,-0.621211,-0.704131,-1.773644,-0.709412,0.386542,-1.73971,-0.771212
-0.522666,-1.982965,-0.803824,0.521671,-1.847962,-0.793151,-0.66765,-0.766158,-0.271082,0.692296,-0.836351,-0.174321,-0.61141,-1.611356,-0.661351,0.594103,-1.597014,-0.619299,-0.701577,-1.786908,-0.724812,0.41132,-1.67485,-0.790282
-0.509074,-1.954066,-0.844939,0.56987,-1.663839,-0.896803,-0.671502,-0.765111,-0.270838,0.698369,-0.827013,-0.164876,-0.614159,-1.597265,-0.67442,0.619225,-1.44483,-0.582665,-0.702017,-1.759027,-0.715123,0.636685,-1.497553,-0.961034
-0.48788,-1.804344,-0.98075,0.592334,-1.279351,-1.072019,-0.679999,-0.756472,-0.270961,0.71197,-0.748642,-0.113351,-0.627313,-1.385809,-0.706917,0.824335,-1.210858,-0.650906,-0.451597,-1.574994,-0.81007,0.613122,-1.144094,-1.11325
-0.429406,-1.658049,-1.084965,0.624971,-0.684377,-1.247042,-0.692011,-0.729782,-0.276294,0.72784,-0.868855,-0.309702,-0.608483,-1.287244,-0.737276,0.67047,-0.783236,-1.025583,-0.391394,-1.5014,-0.913588,0.550325,-0.68244,-1.039631
-0.237968,-1.514488,-1.177364,0.680212,-0.201334,-1.156115,-0.697381,-0.703473,-0.296124,0.819768,-0.868501,-0.301057,-0.547531,-1.180821,-0.813417,0.769995,-0.366586,-0.811874,-0.391022,-1.523043,-0.862426,0.625893,-0.218843,-0.853116
0.075186,-1.184679,-1.25204,0.73315,0.39415,-0.815985,-0.690142,-0.655158,-0.361595,0.951711,-0.720594,-0.301936,-0.296271,-1.037509,-0.984541,0.833946,0.039808,-0.660683,-0.122483,-1.237355,-0.923717,0.690615,0.308643,-0.587591
0.201933,-0.916919,-1.292083,0.727103,0.650512,-0.597937,-0.643954,-0.632719,-0.457182,0.993014,-0.548033,-0.367992,-0.193244,-0.873768,-1.002344,0.845627,0.253535,-0.576352,0.057336,-1.0176,-1.059361,0.765114,0.436149,-0.413851
0.403935,-0.691628,-1.296944,0.677651,0.814414,-0.392459,-0.592813,-0.616438,-0.507163,0.986667,-0.182851,-0.474905,0.07044,-0.727691,-1.063871,0.809003,0.487032,-0.502248,0.268395,-0.853895,-1.096205,0.773955,0.540656,-0.318086
0.580635,-0.572584,-1.201856,0.642601,0.928301,-0.240564,-0.563345,-0.593322,-0.524907,0.969339,-0.045615,-0.510708,0.021253,-0.590009,-0.995522,0.786362,0.609147,-0.422398,0.35427,-0.721439,-1.113989,0.64995,0.721846,-0.193469
0.549481,-0.525409,-1.127802,0.594457,0.964032,-0.151275,-0.50951,-0.57822,-0.552175,0.928603,0.135357,-0.553917,0.101302,-0.558405,-0.931344,0.712225,0.726925,-0.309407,0.446377,-0.658213,-0.919368,0.604173,0.751352,-0.148512
0.678298,-0.470017,-1.021582,0.553664,0.933864,-0.121711,-0.454651,-0.549543,-0.567985,0.853656,-0.087969,-0.629444,0.282802,-0.536566,-0.922394,0.715812,0.683647,-0.315568,0.542656,-0.604056,-0.823182,0.626189,0.709795,-0.139733
0.692153,-0.439584,-0.915809,0.509194,0.866015,-0.159686,-0.4273,-0.537994,-0.562938,0.8484,-0.098553,-0.632128,0.282668,-0.511325,-0.857763,0.680919,0.692065,-0.286953,0.525268,-0.560023,-0.744619,0.549105,0.722961,-0.113815
0.731956,-0.39189,-0.842919,0.537669,0.845218,-0.200138,-0.417511,-0.532683,-0.561327,0.826098,-0.129606,-0.635334,0.303459,-0.502337,-0.843942,0.66573,0.690846,-0.261945,0.53948,-0.529942,-0.678184,0.547934,0.707683,-0.115392
0.773444,-0.367363,-0.734653,0.543982,0.779455,-0.172247,-0.414402,-0.537576,-0.562668,0.823891,-0.13358,-0.63524,0.349705,-0.473329,-0.660109,0.727746,0.530234,-0.431726,0.554072,-0.238455,-0.564011,0.657975,0.580089,-0.150765
0.786031,-0.371574,-0.731388,0.567167,0.778713,-0.16158,-0.414972,-0.540966,-0.562738,0.826668,-0.127077,-0.646374,0.35575,-0.47399,-0.659539,0.738507,0.539386,-0.427385,0.557443,-0.238149,-0.566252,0.648571,0.561589,-0.181343
0.794081,-0.378678,-0.727512,0.585926,0.752194,-0.147904,-0.419193,-0.544118,-0.562853,0.823721,-0.129659,-0.652409,0.357268,-0.477709,-0.658752,0.746922,0.533075,-0.412343,0.547062,-0.249156,-0.563496,0.658895,0.542186,-0.164681
0.794787,-0.383079,-0.730816,0.418446,1.16889,0.133448,-0.425694,-0.547777,-0.563474,0.820186,-0.140144,-0.655828,0.358391,-0.481355,-0.658056,0.628286,0.660712,-0.192087,0.532576,-0.262479,-0.551014,0.335974,0.784488,0.103408
0.785249,-0.380443,-0.730457,0.417026,1.110133,0.128421,-0.428797,-0.550507,-0.563337,0.82257,-0.134979,-0.657363,0.35902,-0.483696,-0.656396,0.635254,0.648576,-0.214154,0.538315,-0.255995,-0.555054,0.551911,0.728761,-0.111053
0.787985,-0.37257,-0.738174,0.413894,1.095387,0.131125,-0.429205,-0.552177,-0.563328,0.823769,-0.13369,-0.658569,0.359384,-0.484479,-0.653949,0.636381,0.648477,-0.217994,0.547064,-0.248867,-0.561831,0.564257,0.707311,-0.139577
0.790294,-0.371942,-0.736159,0.425619,1.099818,0.130136,-0.427313,-0.553428,-0.562793,0.81389,-0.162638,-0.660788,0.35949,-0.484532,-0.652028,0.639178,0.647746,-0.221643,0.541504,-0.250115,-0.554204,0.554045,0.725221,-0.106159
0.784506,-0.370456,-0.741817,0.422457,1.099092,0.133707,-0.427419,-0.555093,-0.561862,0.814361,-0.156435,-0.662381,0.359667,-0.483639,-0.650346,0.640722,0.647745,-0.223741,0.547009,-0.246214,-0.55714,0.565358,0.713458,-0.135908
0.767239,-0.348466,-0.771802,0.575093,0.790013,-0.12153,-0.42735,-0.555546,-0.562293,0.812283,-0.170745,-0.662606,0.337987,-0.459155,-0.671486,0.766073,0.516557,-0.411195,0.546112,-0.202267,-0.598619,0.678473,0.546602,-0.175525
0.58724,-0.173341,-0.848377,0.410965,1.16837,0.118404,-0.437631,-0.550918,-0.570534,0.862307,-0.037188,-0.647312,0.265211,-0.416507,-0.816186,0.644862,0.695881,-0.207324,0.568742,-0.458302,-0.839702,0.578961,0.761592,-0.163067
0.545108,-0.163947,-0.96561,0.635804,0.834809,-0.194522,-0.469836,-0.548584,-0.574666,0.887158,-0.13914,-0.626206,0.225142,-0.428028,-0.855293,0.720978,0.506397,-0.348004,0.512659,-0.485039,-0.998731,0.687252,0.559086,-0.213279
0.655381,-0.493556,-1.075148,0.629349,0.665021,-0.488207,-0.534521,-0.582719,-0.530823,0.962722,-0.308458,-0.559985,0.353447,-0.46489,-1.020126,0.78572,0.39998,-0.508771,0.366685,-0.55314,-1.181696,0.667466,0.484133,-0.33799
0.323061,-0.740342,-1.209251,0.656513,0.373278,-0.839528,-0.594182,-0.595904,-0.511757,0.93313,-0.500902,-0.355317,-0.033772,-0.695627,-1.005664,0.799192,0.135948,-0.718086,0.149549,-0.763385,-1.239113,0.646752,0.287079,-0.565508
0.176708,-1.079383,-1.247461,0.738482,-0.040626,-1.079016,-0.654762,-0.613783,-0.469687,0.886681,-0.614523,-0.239015,-0.166546,-0.880247,-0.984327,0.837525,-0.227719,-0.881509,-0.041798,-1.026344,-1.282616,0.662541,-0.057857,-0.844586
-0.077784,-1.376675,-1.22409,0.783274,-0.494885,-1.178898,-0.724409,-0.649151,-0.372573,0.936329,-0.789426,-0.408557,-0.308661,-1.075043,-0.947315,0.847347,-0.628934,-0.851637,-0.041893,-1.181225,-0.885213,0.675668,-0.442103,-1.00741
-0.299891,-1.615264,-1.160394,0.793549,-1.077636,-1.263006,-0.734528,-0.685294,-0.311719,0.829108,-0.815964,-0.192292,-0.428954,-1.263671,-0.938544,0.807546,-0.923221,-0.928975,-0.23912,-1.4396,-0.844163,0.648477,-0.899948,-1.156923
-0.528382,-1.688532,-1.077259,0.731292,-1.388633,-1.152681,-0.726455,-0.711611,-0.269463,0.836181,-0.812134,-0.214398,-0.613099,-1.284658,-0.716004,0.863506,-1.298129,-0.767744,-0.462205,-1.667371,-0.731219,0.638997,-1.259638,-1.083939
-0.630631,-2.005481,-0.813332,0.698408,-1.749116,-0.944034,-0.705862,-0.763791,-0.248201,0.784347,-0.810882,-0.174462,-0.661511,-1.609377,-0.677103,0.779788,-1.391709,-0.614832,-0.743098,-1.812779,-0.813548,0.600283,-1.581666,-0.881837
-0.623923,-2.043564,-0.713344,0.637939,-1.927298,-0.807466,-0.694352,-0.783073,-0.23,0.759262,-0.838007,-0.16561,-0.673777,-1.639837,-0.600429,0.710853,-1.527922,-0.579725,-0.767285,-1.791408,-0.641257,0.537915,-1.733436,-0.689186
-0.622566,-2.04319,-0.685581,0.6102,-2.011644,-0.717356,-0.690528,-0.794411,-0.213655,0.74076,-0.850921,-0.154898,-0.67551,-1.637911,-0.562349,0.671719,-1.606816,-0.559024,-0.762761,-1.841302,-0.599727,0.463354,-1.775684,-0.72682
-0.61851,-2.059579,-0.703597,0.56264,-2.045407,-0.71552,-0.699109,-0.80308,-0.21628,0.733534,-0.864357,-0.156395,-0.683202,-1.651144,-0.574048,0.659932,-1.638554,-0.563352,-0.769375,-1.839084,-0.591029,0.450776,-1.776181,-0.737995
-0.610678,-2.058392,-0.724965,0.525618,-2.059746,-0.740382,-0.700924,-0.803221,-0.216419,0.728374,-0.869316,-0.152414,-0.684138,-1.654772,-0.579664,0.655189,-1.645867,-0.563326,-0.771743,-1.888664,-0.626081,0.447002,-1.776758,-0.741938
-0.602439,-2.048689,-0.752012,0.516914,-2.062573,-0.746276,-0.702161,-0.803282,-0.218936,0.725791,-0.870112,-0.151728,-0.681508,-1.656863,-0.591152,0.654158,-1.647344,-0.564421,-0.771872,-1.844622,-0.62013,0.447306,-1.748827,-0.728521
-0.579702,-2.044542,-0.768505,0.52137,-2.063402,-0.742006,-0.700481,-0.801986,-0.223027,0.723991,-0.87016,-0.152724,-0.667281,-1.658986,-0.614647,0.653198,-1.646994,-0.565751,-0.758137,-1.897994,-0.668732,0.449252,-1.767125,-0.742426
-0.554081,-2.033222,-0.784852,0.51889,-2.063457,-0.742181,-0.696495,-0.798008,-0.231246,0.721176,-0.86966,-0.153998,-0.652371,-1.649057,-0.627435,0.65164,-1.647751,-0.568676,-0.728561,-1.823821,-0.654068,0.448618,-1.789649,-0.753644
-0.543218,-2.018639,-0.806873,0.521861,-2.063261,-0.741837,-0.69282,-0.794044,-0.236803,0.719331,-0.869456,-0.154883,-0.640939,-1.641927,-0.634937,0.649616,-1.647689,-0.570416,-0.716745,-1.800553,-0.660522,0.451533,-1.78324,-0.755106
-0.5402,-2.018498,-0.813071,0.516493,-2.066232,-0.749192,-0.690403,-0.790348,-0.24479,0.716824,-0.868508,-0.155053,-0.634582,-1.634264,-0.642834,0.648823,-1.648655,-0.572371,-0.713337,-1.789118,-0.688582,0.451184,-1.785761,-0.756671
